-1.000000e+00 5.149344e-02 -6.949113e-01 -8.752181e-01
-1.301030e+00 -4.355877e-01 -8.754691e-01 -1.471959e+00
-1.602060e+00 -9.294353e-01 -1.113444e+00 -2.121827e+00
-1.903090e+00 -1.289210e+00 -1.377659e+00 -2.747454e+00
-2.204120e+00 -1.615677e+00 -1.658534e+00 -3.377539e+00
-2.505150e+00 -1.928662e+00 -1.948973e+00 -4.031833e+00
-2.806180e+00 -2.235498e+00 -2.244567e+00 -4.728689e+00
-3.107210e+00 -2.539391e+00 -2.542842e+00 -5.235095e+00
-3.408240e+00 -2.841843e+00 -2.842481e+00 -5.400431e+00
-3.709270e+00 -3.143580e+00 -3.142816e+00 -5.639186e+00
-4.010300e+00 -3.444963e+00 -3.443498e+00 -5.911711e+00
-4.311330e+00 -3.746273e+00 -3.744514e+00 -6.388544e+00
-4.612360e+00 -4.135963e+00 -4.135133e+00 -7.078862e+00
-4.913390e+00 -4.631866e+00 -4.631464e+00 -7.875712e+00
-5.214420e+00 -5.180862e+00 -5.180664e+00 -8.725726e+00
-5.515450e+00 -5.756394e+00 -5.756296e+00 -9.602290e+00
-5.816480e+00 -6.345192e+00 -6.345143e+00 -1.049212e+01
-6.117510e+00 -6.940621e+00 -6.940596e+00 -1.138860e+01
-6.418540e+00 -7.539365e+00 -7.539353e+00 -1.228850e+01
-6.719570e+00 -8.139768e+00 -8.139761e+00 -1.319055e+01
-7.020600e+00 -8.740999e+00 -8.740996e+00 -1.409362e+01
-7.321630e+00 -9.342644e+00 -9.342643e+00 -1.498575e+01
-7.622660e+00 -9.944497e+00 -9.944496e+00 -1.574793e+01
-7.923690e+00 -1.054645e+01 -1.054645e+01 -1.617920e+01
-8.224720e+00 -1.114846e+01 -1.114846e+01 -1.624883e+01
-8.525750e+00 -1.175049e+01 -1.175050e+01 -1.625493e+01
-8.826780e+00 -1.235258e+01 -1.235250e+01 -1.625504e+01
-9.127810e+00 -1.295462e+01 -1.295458e+01 -1.625655e+01
-9.428840e+00 -1.355645e+01 -1.355599e+01 -1.625679e+01
-9.729870e+00 -1.415817e+01 -1.415664e+01 -1.625567e+01
-1.003090e+01 -1.474936e+01 -1.475158e+01 -1.626140e+01
-1.033193e+01 -1.531427e+01 -1.531685e+01 -1.625803e+01
-1.063296e+01 -1.580050e+01 -1.579408e+01 -1.625647e+01
-1.093399e+01 -1.609595e+01 -1.609949e+01 -1.625647e+01
-1.123502e+01 -1.621284e+01 -1.620768e+01 -1.625684e+01
-1.153605e+01 -1.624745e+01 -1.624605e+01 -1.625571e+01
-1.183708e+01 -1.625331e+01 -1.625383e+01 -1.625571e+01
-1.213811e+01 -1.625613e+01 -1.625511e+01 -1.625571e+01
-1.243914e+01 -1.657768e+01 -1.657682e+01 -1.657725e+01
-1.274017e+01 -1.717974e+01 -1.717888e+01 -1.717931e+01
-1.304120e+01 -1.778180e+01 -1.778094e+01 -1.778137e+01
-1.334223e+01 -1.838386e+01 -1.838300e+01 -1.838343e+01
-1.364326e+01 -1.898592e+01 -1.898506e+01 -1.898549e+01
-1.394429e+01 -1.958798e+01 -1.958712e+01 -1.958755e+01
-1.424532e+01 -2.019004e+01 -2.018918e+01 -2.018982e+01
-1.454635e+01 -2.079232e+01 -2.079145e+01 -2.079199e+01
-1.484738e+01 -2.139449e+01 -2.139362e+01 -2.139411e+01
-1.514841e+01 -2.199660e+01 -2.199573e+01 -2.199622e+01
-1.544944e+01 -2.259871e+01 -2.259785e+01 -2.259828e+01
-1.575047e+01 -2.320074e+01 -2.319994e+01 -2.320055e+01
