0.000000e+00 0.000000e+00 0.000000e+00 0.000000e+00 0.000000e+00 6.952911e-310
1.000000e-02 1.812665e-01 1.666597e-01 1.818145e-01 2.000000e-01 6.952911e-310
2.000000e-02 3.296621e-01 3.055266e-01 3.305596e-01 3.599920e-01 6.952911e-310
3.000000e-02 4.511390e-01 4.212288e-01 4.522415e-01 4.879680e-01 6.952911e-310
4.000000e-02 5.505753e-01 5.176265e-01 5.517790e-01 5.903284e-01 6.952911e-310
5.000000e-02 6.319675e-01 5.979385e-01 6.331996e-01 6.721973e-01 6.952911e-310
6.000000e-02 6.985893e-01 6.648486e-01 6.998001e-01 7.376761e-01 6.952911e-310
7.000000e-02 7.531218e-01 7.205936e-01 7.542785e-01 7.900467e-01 6.952911e-310
8.000000e-02 7.977599e-01 7.670379e-01 7.988425e-01 8.319350e-01 6.952911e-310
9.000000e-02 8.343009e-01 8.057348e-01 8.352983e-01 8.654411e-01 6.952911e-310
1.000000e-01 8.642155e-01 8.379787e-01 8.651232e-01 8.922448e-01 6.952911e-310
1.100000e-01 8.887077e-01 8.648476e-01 8.895255e-01 9.136891e-01 6.952911e-310
1.200000e-01 9.087625e-01 8.872396e-01 9.094934e-01 9.308481e-01 6.952911e-310
1.300000e-01 9.251860e-01 9.059027e-01 9.258347e-01 9.445803e-01 6.952911e-310
1.400000e-01 9.386377e-01 9.214597e-01 9.392101e-01 9.555722e-01 6.952911e-310
1.500000e-01 9.496572e-01 9.344295e-01 9.501599e-01 9.643723e-01 6.952911e-310
1.600000e-01 9.586859e-01 9.452441e-01 9.591255e-01 9.714195e-01 6.952911e-310
1.700000e-01 9.660851e-01 9.542630e-01 9.664680e-01 9.770642e-01 6.952911e-310
1.800000e-01 9.721502e-01 9.617859e-01 9.724827e-01 9.815870e-01 6.952911e-310
1.900000e-01 9.771229e-01 9.680622e-01 9.774108e-01 9.852118e-01 6.952911e-310
2.000000e-01 9.812011e-01 9.732996e-01 9.814497e-01 9.881179e-01 6.952911e-310
2.100000e-01 9.845465e-01 9.776710e-01 9.847608e-01 9.904486e-01 6.952911e-310
2.200000e-01 9.872917e-01 9.813207e-01 9.874760e-01 9.923186e-01 6.952911e-310
2.300000e-01 9.895451e-01 9.843685e-01 9.897033e-01 9.938194e-01 6.952911e-310
2.400000e-01 9.913953e-01 9.869143e-01 9.915310e-01 9.950245e-01 6.952911e-310
2.500000e-01 9.929151e-01 9.890415e-01 9.930312e-01 9.959925e-01 6.952911e-310
2.600000e-01 9.941638e-01 9.908195e-01 9.942631e-01 9.967704e-01 6.952911e-310
2.700000e-01 9.951903e-01 9.923060e-01 9.952751e-01 9.973959e-01 6.952911e-310
2.800000e-01 9.960344e-01 9.935493e-01 9.961067e-01 9.978990e-01 6.952911e-310
2.900000e-01 9.967287e-01 9.945894e-01 9.967904e-01 9.983039e-01 6.952911e-310
3.000000e-01 9.973002e-01 9.954599e-01 9.973527e-01 9.986300e-01 6.952911e-310
3.100000e-01 9.977707e-01 9.961888e-01 9.978154e-01 9.988927e-01 6.952911e-310
3.200000e-01 9.981582e-01 9.967992e-01 9.981963e-01 9.991044e-01 6.952911e-310
3.300000e-01 9.984776e-01 9.973107e-01 9.985099e-01 9.992752e-01 6.952911e-310
3.400000e-01 9.987409e-01 9.977394e-01 9.987684e-01 9.994131e-01 6.952911e-310
3.500000e-01 9.989581e-01 9.980988e-01 9.989815e-01 9.995244e-01 6.952911e-310
3.600000e-01 9.991374e-01 9.984004e-01 9.991572e-01 9.996143e-01 6.952911e-310
3.700000e-01 9.992854e-01 9.986535e-01 9.993022e-01 9.996870e-01 6.952911e-310
3.800000e-01 9.994077e-01 9.988660e-01 9.994220e-01 9.997458e-01 6.952911e-310
3.900000e-01 9.995088e-01 9.990445e-01 9.995209e-01 9.997935e-01 6.952911e-310
4.000000e-01 9.995923e-01 9.991945e-01 9.996026e-01 9.998320e-01 6.952911e-310
4.100000e-01 9.996615e-01 9.993206e-01 9.996702e-01 9.998633e-01 6.952911e-310
4.200000e-01 9.997188e-01 9.994267e-01 9.997262e-01 9.998887e-01 6.952911e-310
4.300000e-01 9.997662e-01 9.995159e-01 9.997725e-01 9.999093e-01 6.952911e-310
4.400000e-01 9.998055e-01 9.995911e-01 9.998108e-01 9.999260e-01 6.952911e-310
4.500000e-01 9.998381e-01 9.996544e-01 9.998426e-01 9.999396e-01 6.952911e-310
4.600000e-01 9.998652e-01 9.997077e-01 9.998690e-01 9.999507e-01 6.952911e-310
4.700000e-01 9.998876e-01 9.997527e-01 9.998909e-01 9.999597e-01 6.952911e-310
4.800000e-01 9.999063e-01 9.997907e-01 9.999090e-01 9.999670e-01 6.952911e-310
4.900000e-01 9.999218e-01 9.998227e-01 9.999241e-01 9.999730e-01 6.952911e-310
5.000000e-01 9.999347e-01 9.998497e-01 9.999367e-01 9.999779e-01 6.952911e-310
5.100000e-01 9.999454e-01 9.998726e-01 9.999471e-01 9.999819e-01 6.952911e-310
5.200000e-01 9.999544e-01 9.998919e-01 9.999558e-01 9.999851e-01 6.952911e-310
5.300000e-01 9.999618e-01 9.999082e-01 9.999631e-01 9.999878e-01 6.952911e-310
5.400000e-01 9.999680e-01 9.999221e-01 9.999691e-01 9.999899e-01 6.952911e-310
5.500000e-01 9.999732e-01 9.999338e-01 9.999741e-01 9.999917e-01 6.952911e-310
5.600000e-01 9.999776e-01 9.999437e-01 9.999783e-01 9.999932e-01 6.952911e-310
5.700000e-01 9.999812e-01 9.999521e-01 9.999818e-01 9.999944e-01 6.952911e-310
5.800000e-01 9.999842e-01 9.999592e-01 9.999847e-01 9.999954e-01 6.952911e-310
5.900000e-01 9.999867e-01 9.999653e-01 9.999872e-01 9.999962e-01 6.952911e-310
6.000000e-01 9.999889e-01 9.999704e-01 9.999892e-01 9.999968e-01 6.952911e-310
6.100000e-01 9.999906e-01 9.999748e-01 9.999910e-01 9.999974e-01 6.952911e-310
6.200000e-01 9.999921e-01 9.999785e-01 9.999924e-01 9.999978e-01 6.952911e-310
6.300000e-01 9.999934e-01 9.999816e-01 9.999936e-01 9.999982e-01 6.952911e-310
6.400000e-01 9.999944e-01 9.999843e-01 9.999946e-01 9.999985e-01 6.952911e-310
6.500000e-01 9.999953e-01 9.999866e-01 9.999955e-01 9.999988e-01 6.952911e-310
6.600000e-01 9.999960e-01 9.999885e-01 9.999962e-01 9.999990e-01 6.952911e-310
6.700000e-01 9.999966e-01 9.999902e-01 9.999968e-01 9.999992e-01 6.952911e-310
6.800000e-01 9.999972e-01 9.999916e-01 9.999973e-01 9.999993e-01 6.952911e-310
6.900000e-01 9.999976e-01 9.999928e-01 9.999977e-01 9.999994e-01 6.952911e-310
7.000000e-01 9.999980e-01 9.999938e-01 9.999980e-01 9.999995e-01 6.952911e-310
7.100000e-01 9.999983e-01 9.999947e-01 9.999984e-01 9.999996e-01 6.952911e-310
7.200000e-01 9.999985e-01 9.999955e-01 9.999986e-01 9.999997e-01 6.952911e-310
7.300000e-01 9.999988e-01 9.999961e-01 9.999988e-01 9.999997e-01 6.952911e-310
7.400000e-01 9.999990e-01 9.999967e-01 9.999990e-01 9.999998e-01 6.952911e-310
7.500000e-01 9.999991e-01 9.999971e-01 9.999991e-01 9.999998e-01 6.952911e-310
7.600000e-01 9.999992e-01 9.999975e-01 9.999993e-01 9.999998e-01 6.952911e-310
7.700000e-01 9.999994e-01 9.999979e-01 9.999994e-01 9.999999e-01 6.952911e-310
7.800000e-01 9.999995e-01 9.999982e-01 9.999995e-01 9.999999e-01 6.952911e-310
7.900000e-01 9.999995e-01 9.999984e-01 9.999996e-01 9.999999e-01 6.952911e-310
8.000000e-01 9.999996e-01 9.999986e-01 9.999996e-01 9.999999e-01 6.952911e-310
8.100000e-01 9.999997e-01 9.999988e-01 9.999997e-01 9.999999e-01 6.952911e-310
8.200000e-01 9.999997e-01 9.999990e-01 9.999997e-01 9.999999e-01 6.952911e-310
8.300000e-01 9.999998e-01 9.999991e-01 9.999998e-01 1.000000e+00 6.952911e-310
8.400000e-01 9.999998e-01 9.999993e-01 9.999998e-01 1.000000e+00 6.952911e-310
8.500000e-01 9.999998e-01 9.999994e-01 9.999998e-01 1.000000e+00 6.952911e-310
8.600000e-01 9.999998e-01 9.999994e-01 9.999999e-01 1.000000e+00 6.952911e-310
8.700000e-01 9.999999e-01 9.999995e-01 9.999999e-01 1.000000e+00 6.952911e-310
8.800000e-01 9.999999e-01 9.999996e-01 9.999999e-01 1.000000e+00 6.952911e-310
8.900000e-01 9.999999e-01 9.999996e-01 9.999999e-01 1.000000e+00 6.952911e-310
9.000000e-01 9.999999e-01 9.999997e-01 9.999999e-01 1.000000e+00 6.952911e-310
9.100000e-01 9.999999e-01 9.999997e-01 9.999999e-01 1.000000e+00 6.952911e-310
9.200000e-01 9.999999e-01 9.999998e-01 9.999999e-01 1.000000e+00 6.952911e-310
9.300000e-01 9.999999e-01 9.999998e-01 1.000000e+00 1.000000e+00 6.952911e-310
9.400000e-01 1.000000e+00 9.999998e-01 1.000000e+00 1.000000e+00 6.952911e-310
9.500000e-01 1.000000e+00 9.999998e-01 1.000000e+00 1.000000e+00 6.952911e-310
9.600000e-01 1.000000e+00 9.999999e-01 1.000000e+00 1.000000e+00 6.952911e-310
9.700000e-01 1.000000e+00 9.999999e-01 1.000000e+00 1.000000e+00 6.952911e-310
9.800000e-01 1.000000e+00 9.999999e-01 1.000000e+00 1.000000e+00 6.952911e-310
9.900000e-01 1.000000e+00 9.999999e-01 1.000000e+00 1.000000e+00 6.952911e-310
1.000000e+00 1.000000e+00 9.999999e-01 1.000000e+00 1.000000e+00 6.952911e-310
1.010000e+00 1.000000e+00 9.999999e-01 1.000000e+00 1.000000e+00 6.952911e-310
1.020000e+00 1.000000e+00 9.999999e-01 1.000000e+00 1.000000e+00 6.952911e-310
1.030000e+00 1.000000e+00 1.000000e+00 1.000000e+00 1.000000e+00 6.952911e-310
1.040000e+00 1.000000e+00 1.000000e+00 1.000000e+00 1.000000e+00 6.952911e-310
1.050000e+00 1.000000e+00 1.000000e+00 1.000000e+00 1.000000e+00 6.952911e-310
1.060000e+00 1.000000e+00 1.000000e+00 1.000000e+00 1.000000e+00 6.952911e-310
1.070000e+00 1.000000e+00 1.000000e+00 1.000000e+00 1.000000e+00 6.952911e-310
1.080000e+00 1.000000e+00 1.000000e+00 1.000000e+00 1.000000e+00 6.952911e-310
1.090000e+00 1.000000e+00 1.000000e+00 1.000000e+00 1.000000e+00 6.952911e-310
1.100000e+00 1.000000e+00 1.000000e+00 1.000000e+00 1.000000e+00 6.952911e-310
1.110000e+00 1.000000e+00 1.000000e+00 1.000000e+00 1.000000e+00 6.952911e-310
1.120000e+00 1.000000e+00 1.000000e+00 1.000000e+00 1.000000e+00 6.952911e-310
1.130000e+00 1.000000e+00 1.000000e+00 1.000000e+00 1.000000e+00 6.952911e-310
1.140000e+00 1.000000e+00 1.000000e+00 1.000000e+00 1.000000e+00 6.952911e-310
1.150000e+00 1.000000e+00 1.000000e+00 1.000000e+00 1.000000e+00 6.952911e-310
1.160000e+00 1.000000e+00 1.000000e+00 1.000000e+00 1.000000e+00 6.952911e-310
1.170000e+00 1.000000e+00 1.000000e+00 1.000000e+00 1.000000e+00 6.952911e-310
1.180000e+00 1.000000e+00 1.000000e+00 1.000000e+00 1.000000e+00 6.952911e-310
1.190000e+00 1.000000e+00 1.000000e+00 1.000000e+00 1.000000e+00 6.952911e-310
1.200000e+00 1.000000e+00 1.000000e+00 1.000000e+00 1.000000e+00 6.952911e-310
1.210000e+00 1.000000e+00 1.000000e+00 1.000000e+00 1.000000e+00 6.952911e-310
1.220000e+00 1.000000e+00 1.000000e+00 1.000000e+00 1.000000e+00 6.952911e-310
1.230000e+00 1.000000e+00 1.000000e+00 1.000000e+00 1.000000e+00 6.952911e-310
1.240000e+00 1.000000e+00 1.000000e+00 1.000000e+00 1.000000e+00 6.952911e-310
1.250000e+00 1.000000e+00 1.000000e+00 1.000000e+00 1.000000e+00 6.952911e-310
1.260000e+00 1.000000e+00 1.000000e+00 1.000000e+00 1.000000e+00 6.952911e-310
1.270000e+00 1.000000e+00 1.000000e+00 1.000000e+00 1.000000e+00 6.952911e-310
1.280000e+00 1.000000e+00 1.000000e+00 1.000000e+00 1.000000e+00 6.952911e-310
1.290000e+00 1.000000e+00 1.000000e+00 1.000000e+00 1.000000e+00 6.952911e-310
1.300000e+00 1.000000e+00 1.000000e+00 1.000000e+00 1.000000e+00 6.952911e-310
1.310000e+00 1.000000e+00 1.000000e+00 1.000000e+00 1.000000e+00 6.952911e-310
1.320000e+00 1.000000e+00 1.000000e+00 1.000000e+00 1.000000e+00 6.952911e-310
1.330000e+00 1.000000e+00 1.000000e+00 1.000000e+00 1.000000e+00 6.952911e-310
1.340000e+00 1.000000e+00 1.000000e+00 1.000000e+00 1.000000e+00 6.952911e-310
1.350000e+00 1.000000e+00 1.000000e+00 1.000000e+00 1.000000e+00 6.952911e-310
1.360000e+00 1.000000e+00 1.000000e+00 1.000000e+00 1.000000e+00 6.952911e-310
1.370000e+00 1.000000e+00 1.000000e+00 1.000000e+00 1.000000e+00 6.952911e-310
1.380000e+00 1.000000e+00 1.000000e+00 1.000000e+00 1.000000e+00 6.952911e-310
1.390000e+00 1.000000e+00 1.000000e+00 1.000000e+00 1.000000e+00 6.952911e-310
1.400000e+00 1.000000e+00 1.000000e+00 1.000000e+00 1.000000e+00 6.952911e-310
1.410000e+00 1.000000e+00 1.000000e+00 1.000000e+00 1.000000e+00 6.952911e-310
1.420000e+00 1.000000e+00 1.000000e+00 1.000000e+00 1.000000e+00 6.952911e-310
1.430000e+00 1.000000e+00 1.000000e+00 1.000000e+00 1.000000e+00 6.952911e-310
1.440000e+00 1.000000e+00 1.000000e+00 1.000000e+00 1.000000e+00 6.952911e-310
1.450000e+00 1.000000e+00 1.000000e+00 1.000000e+00 1.000000e+00 6.952911e-310
1.460000e+00 1.000000e+00 1.000000e+00 1.000000e+00 1.000000e+00 6.952911e-310
1.470000e+00 1.000000e+00 1.000000e+00 1.000000e+00 1.000000e+00 6.952911e-310
1.480000e+00 1.000000e+00 1.000000e+00 1.000000e+00 1.000000e+00 6.952911e-310
1.490000e+00 1.000000e+00 1.000000e+00 1.000000e+00 1.000000e+00 6.952911e-310
1.500000e+00 1.000000e+00 1.000000e+00 1.000000e+00 1.000000e+00 6.952911e-310
1.510000e+00 1.000000e+00 1.000000e+00 1.000000e+00 1.000000e+00 6.952911e-310
1.520000e+00 1.000000e+00 1.000000e+00 1.000000e+00 1.000000e+00 6.952911e-310
1.530000e+00 1.000000e+00 1.000000e+00 1.000000e+00 1.000000e+00 6.952911e-310
1.540000e+00 1.000000e+00 1.000000e+00 1.000000e+00 1.000000e+00 6.952911e-310
1.550000e+00 1.000000e+00 1.000000e+00 1.000000e+00 1.000000e+00 6.952911e-310
1.560000e+00 1.000000e+00 1.000000e+00 1.000000e+00 1.000000e+00 6.952911e-310
1.570000e+00 1.000000e+00 1.000000e+00 1.000000e+00 1.000000e+00 6.952911e-310
1.580000e+00 1.000000e+00 1.000000e+00 1.000000e+00 1.000000e+00 6.952911e-310
1.590000e+00 1.000000e+00 1.000000e+00 1.000000e+00 1.000000e+00 6.952911e-310
1.600000e+00 1.000000e+00 1.000000e+00 1.000000e+00 1.000000e+00 6.952911e-310
1.610000e+00 1.000000e+00 1.000000e+00 1.000000e+00 1.000000e+00 6.952911e-310
1.620000e+00 1.000000e+00 1.000000e+00 1.000000e+00 1.000000e+00 6.952911e-310
1.630000e+00 1.000000e+00 1.000000e+00 1.000000e+00 1.000000e+00 6.952911e-310
1.640000e+00 1.000000e+00 1.000000e+00 1.000000e+00 1.000000e+00 6.952911e-310
1.650000e+00 1.000000e+00 1.000000e+00 1.000000e+00 1.000000e+00 6.952911e-310
1.660000e+00 1.000000e+00 1.000000e+00 1.000000e+00 1.000000e+00 6.952911e-310
1.670000e+00 1.000000e+00 1.000000e+00 1.000000e+00 1.000000e+00 6.952911e-310
1.680000e+00 1.000000e+00 1.000000e+00 1.000000e+00 1.000000e+00 6.952911e-310
1.690000e+00 1.000000e+00 1.000000e+00 1.000000e+00 1.000000e+00 6.952911e-310
1.700000e+00 1.000000e+00 1.000000e+00 1.000000e+00 1.000000e+00 6.952911e-310
1.710000e+00 1.000000e+00 1.000000e+00 1.000000e+00 1.000000e+00 6.952911e-310
1.720000e+00 1.000000e+00 1.000000e+00 1.000000e+00 1.000000e+00 6.952911e-310
1.730000e+00 1.000000e+00 1.000000e+00 1.000000e+00 1.000000e+00 6.952911e-310
1.740000e+00 1.000000e+00 1.000000e+00 1.000000e+00 1.000000e+00 6.952911e-310
1.750000e+00 1.000000e+00 1.000000e+00 1.000000e+00 1.000000e+00 6.952911e-310
1.760000e+00 1.000000e+00 1.000000e+00 1.000000e+00 1.000000e+00 6.952911e-310
1.770000e+00 1.000000e+00 1.000000e+00 1.000000e+00 1.000000e+00 6.952911e-310
1.780000e+00 1.000000e+00 1.000000e+00 1.000000e+00 1.000000e+00 6.952911e-310
1.790000e+00 1.000000e+00 1.000000e+00 1.000000e+00 1.000000e+00 6.952911e-310
1.800000e+00 1.000000e+00 1.000000e+00 1.000000e+00 1.000000e+00 6.952911e-310
1.810000e+00 1.000000e+00 1.000000e+00 1.000000e+00 1.000000e+00 6.952911e-310
1.820000e+00 1.000000e+00 1.000000e+00 1.000000e+00 1.000000e+00 6.952911e-310
1.830000e+00 1.000000e+00 1.000000e+00 1.000000e+00 1.000000e+00 6.952911e-310
1.840000e+00 1.000000e+00 1.000000e+00 1.000000e+00 1.000000e+00 6.952911e-310
1.850000e+00 1.000000e+00 1.000000e+00 1.000000e+00 1.000000e+00 6.952911e-310
1.860000e+00 1.000000e+00 1.000000e+00 1.000000e+00 1.000000e+00 6.952911e-310
1.870000e+00 1.000000e+00 1.000000e+00 1.000000e+00 1.000000e+00 6.952911e-310
1.880000e+00 1.000000e+00 1.000000e+00 1.000000e+00 1.000000e+00 6.952911e-310
1.890000e+00 1.000000e+00 1.000000e+00 1.000000e+00 1.000000e+00 6.952911e-310
1.900000e+00 1.000000e+00 1.000000e+00 1.000000e+00 1.000000e+00 6.952911e-310
1.910000e+00 1.000000e+00 1.000000e+00 1.000000e+00 1.000000e+00 6.952911e-310
1.920000e+00 1.000000e+00 1.000000e+00 1.000000e+00 1.000000e+00 6.952911e-310
1.930000e+00 1.000000e+00 1.000000e+00 1.000000e+00 1.000000e+00 6.952911e-310
1.940000e+00 1.000000e+00 1.000000e+00 1.000000e+00 1.000000e+00 6.952911e-310
1.950000e+00 1.000000e+00 1.000000e+00 1.000000e+00 1.000000e+00 6.952911e-310
1.960000e+00 1.000000e+00 1.000000e+00 1.000000e+00 1.000000e+00 6.952911e-310
1.970000e+00 1.000000e+00 1.000000e+00 1.000000e+00 1.000000e+00 6.952911e-310
1.980000e+00 1.000000e+00 1.000000e+00 1.000000e+00 1.000000e+00 6.952911e-310
1.990000e+00 1.000000e+00 1.000000e+00 1.000000e+00 1.000000e+00 6.952911e-310
2.000000e+00 1.000000e+00 1.000000e+00 1.000000e+00 1.000000e+00 6.952911e-310
2.010000e+00 1.000000e+00 1.000000e+00 1.000000e+00 1.000000e+00 6.952911e-310
2.020000e+00 1.000000e+00 1.000000e+00 1.000000e+00 1.000000e+00 6.952911e-310
2.030000e+00 1.000000e+00 1.000000e+00 1.000000e+00 1.000000e+00 6.952911e-310
2.040000e+00 1.000000e+00 1.000000e+00 1.000000e+00 1.000000e+00 6.952911e-310
2.050000e+00 1.000000e+00 1.000000e+00 1.000000e+00 1.000000e+00 6.952911e-310
2.060000e+00 1.000000e+00 1.000000e+00 1.000000e+00 1.000000e+00 6.952911e-310
2.070000e+00 1.000000e+00 1.000000e+00 1.000000e+00 1.000000e+00 6.952911e-310
2.080000e+00 1.000000e+00 1.000000e+00 1.000000e+00 1.000000e+00 6.952911e-310
2.090000e+00 1.000000e+00 1.000000e+00 1.000000e+00 1.000000e+00 6.952911e-310
2.100000e+00 1.000000e+00 1.000000e+00 1.000000e+00 1.000000e+00 6.952911e-310
2.110000e+00 1.000000e+00 1.000000e+00 1.000000e+00 1.000000e+00 6.952911e-310
2.120000e+00 1.000000e+00 1.000000e+00 1.000000e+00 1.000000e+00 6.952911e-310
2.130000e+00 1.000000e+00 1.000000e+00 1.000000e+00 1.000000e+00 6.952911e-310
2.140000e+00 1.000000e+00 1.000000e+00 1.000000e+00 1.000000e+00 6.952911e-310
2.150000e+00 1.000000e+00 1.000000e+00 1.000000e+00 1.000000e+00 6.952911e-310
2.160000e+00 1.000000e+00 1.000000e+00 1.000000e+00 1.000000e+00 6.952911e-310
2.170000e+00 1.000000e+00 1.000000e+00 1.000000e+00 1.000000e+00 6.952911e-310
2.180000e+00 1.000000e+00 1.000000e+00 1.000000e+00 1.000000e+00 6.952911e-310
2.190000e+00 1.000000e+00 1.000000e+00 1.000000e+00 1.000000e+00 6.952911e-310
2.200000e+00 1.000000e+00 1.000000e+00 1.000000e+00 1.000000e+00 6.952911e-310
2.210000e+00 1.000000e+00 1.000000e+00 1.000000e+00 1.000000e+00 6.952911e-310
2.220000e+00 1.000000e+00 1.000000e+00 1.000000e+00 1.000000e+00 6.952911e-310
2.230000e+00 1.000000e+00 1.000000e+00 1.000000e+00 1.000000e+00 6.952911e-310
2.240000e+00 1.000000e+00 1.000000e+00 1.000000e+00 1.000000e+00 6.952911e-310
2.250000e+00 1.000000e+00 1.000000e+00 1.000000e+00 1.000000e+00 6.952911e-310
2.260000e+00 1.000000e+00 1.000000e+00 1.000000e+00 1.000000e+00 6.952911e-310
2.270000e+00 1.000000e+00 1.000000e+00 1.000000e+00 1.000000e+00 6.952911e-310
2.280000e+00 1.000000e+00 1.000000e+00 1.000000e+00 1.000000e+00 6.952911e-310
2.290000e+00 1.000000e+00 1.000000e+00 1.000000e+00 1.000000e+00 6.952911e-310
2.300000e+00 1.000000e+00 1.000000e+00 1.000000e+00 1.000000e+00 6.952911e-310
2.310000e+00 1.000000e+00 1.000000e+00 1.000000e+00 1.000000e+00 6.952911e-310
2.320000e+00 1.000000e+00 1.000000e+00 1.000000e+00 1.000000e+00 6.952911e-310
2.330000e+00 1.000000e+00 1.000000e+00 1.000000e+00 1.000000e+00 6.952911e-310
2.340000e+00 1.000000e+00 1.000000e+00 1.000000e+00 1.000000e+00 6.952911e-310
2.350000e+00 1.000000e+00 1.000000e+00 1.000000e+00 1.000000e+00 6.952911e-310
2.360000e+00 1.000000e+00 1.000000e+00 1.000000e+00 1.000000e+00 6.952911e-310
2.370000e+00 1.000000e+00 1.000000e+00 1.000000e+00 1.000000e+00 6.952911e-310
2.380000e+00 1.000000e+00 1.000000e+00 1.000000e+00 1.000000e+00 6.952911e-310
2.390000e+00 1.000000e+00 1.000000e+00 1.000000e+00 1.000000e+00 6.952911e-310
2.400000e+00 1.000000e+00 1.000000e+00 1.000000e+00 1.000000e+00 6.952911e-310
2.410000e+00 1.000000e+00 1.000000e+00 1.000000e+00 1.000000e+00 6.952911e-310
2.420000e+00 1.000000e+00 1.000000e+00 1.000000e+00 1.000000e+00 6.952911e-310
2.430000e+00 1.000000e+00 1.000000e+00 1.000000e+00 1.000000e+00 6.952911e-310
2.440000e+00 1.000000e+00 1.000000e+00 1.000000e+00 1.000000e+00 6.952911e-310
2.450000e+00 1.000000e+00 1.000000e+00 1.000000e+00 1.000000e+00 6.952911e-310
2.460000e+00 1.000000e+00 1.000000e+00 1.000000e+00 1.000000e+00 6.952911e-310
2.470000e+00 1.000000e+00 1.000000e+00 1.000000e+00 1.000000e+00 6.952911e-310
2.480000e+00 1.000000e+00 1.000000e+00 1.000000e+00 1.000000e+00 6.952911e-310
2.490000e+00 1.000000e+00 1.000000e+00 1.000000e+00 1.000000e+00 6.952911e-310
2.500000e+00 1.000000e+00 1.000000e+00 1.000000e+00 1.000000e+00 6.952911e-310
2.510000e+00 1.000000e+00 1.000000e+00 1.000000e+00 1.000000e+00 6.952911e-310
2.520000e+00 1.000000e+00 1.000000e+00 1.000000e+00 1.000000e+00 6.952911e-310
2.530000e+00 1.000000e+00 1.000000e+00 1.000000e+00 1.000000e+00 6.952911e-310
2.540000e+00 1.000000e+00 1.000000e+00 1.000000e+00 1.000000e+00 6.952911e-310
2.550000e+00 1.000000e+00 1.000000e+00 1.000000e+00 1.000000e+00 6.952911e-310
2.560000e+00 1.000000e+00 1.000000e+00 1.000000e+00 1.000000e+00 6.952911e-310
2.570000e+00 1.000000e+00 1.000000e+00 1.000000e+00 1.000000e+00 6.952911e-310
2.580000e+00 1.000000e+00 1.000000e+00 1.000000e+00 1.000000e+00 6.952911e-310
2.590000e+00 1.000000e+00 1.000000e+00 1.000000e+00 1.000000e+00 6.952911e-310
2.600000e+00 1.000000e+00 1.000000e+00 1.000000e+00 1.000000e+00 6.952911e-310
2.610000e+00 1.000000e+00 1.000000e+00 1.000000e+00 1.000000e+00 6.952911e-310
2.620000e+00 1.000000e+00 1.000000e+00 1.000000e+00 1.000000e+00 6.952911e-310
2.630000e+00 1.000000e+00 1.000000e+00 1.000000e+00 1.000000e+00 6.952911e-310
2.640000e+00 1.000000e+00 1.000000e+00 1.000000e+00 1.000000e+00 6.952911e-310
2.650000e+00 1.000000e+00 1.000000e+00 1.000000e+00 1.000000e+00 6.952911e-310
2.660000e+00 1.000000e+00 1.000000e+00 1.000000e+00 1.000000e+00 6.952911e-310
2.670000e+00 1.000000e+00 1.000000e+00 1.000000e+00 1.000000e+00 6.952911e-310
2.680000e+00 1.000000e+00 1.000000e+00 1.000000e+00 1.000000e+00 6.952911e-310
2.690000e+00 1.000000e+00 1.000000e+00 1.000000e+00 1.000000e+00 6.952911e-310
2.700000e+00 1.000000e+00 1.000000e+00 1.000000e+00 1.000000e+00 6.952911e-310
2.710000e+00 1.000000e+00 1.000000e+00 1.000000e+00 1.000000e+00 6.952911e-310
2.720000e+00 1.000000e+00 1.000000e+00 1.000000e+00 1.000000e+00 6.952911e-310
2.730000e+00 1.000000e+00 1.000000e+00 1.000000e+00 1.000000e+00 6.952911e-310
2.740000e+00 1.000000e+00 1.000000e+00 1.000000e+00 1.000000e+00 6.952911e-310
2.750000e+00 1.000000e+00 1.000000e+00 1.000000e+00 1.000000e+00 6.952911e-310
2.760000e+00 1.000000e+00 1.000000e+00 1.000000e+00 1.000000e+00 6.952911e-310
2.770000e+00 1.000000e+00 1.000000e+00 1.000000e+00 1.000000e+00 6.952911e-310
2.780000e+00 1.000000e+00 1.000000e+00 1.000000e+00 1.000000e+00 6.952911e-310
2.790000e+00 1.000000e+00 1.000000e+00 1.000000e+00 1.000000e+00 6.952911e-310
2.800000e+00 1.000000e+00 1.000000e+00 1.000000e+00 1.000000e+00 6.952911e-310
2.810000e+00 1.000000e+00 1.000000e+00 1.000000e+00 1.000000e+00 6.952911e-310
2.820000e+00 1.000000e+00 1.000000e+00 1.000000e+00 1.000000e+00 6.952911e-310
2.830000e+00 1.000000e+00 1.000000e+00 1.000000e+00 1.000000e+00 6.952911e-310
2.840000e+00 1.000000e+00 1.000000e+00 1.000000e+00 1.000000e+00 6.952911e-310
2.850000e+00 1.000000e+00 1.000000e+00 1.000000e+00 1.000000e+00 6.952911e-310
2.860000e+00 1.000000e+00 1.000000e+00 1.000000e+00 1.000000e+00 6.952911e-310
2.870000e+00 1.000000e+00 1.000000e+00 1.000000e+00 1.000000e+00 6.952911e-310
2.880000e+00 1.000000e+00 1.000000e+00 1.000000e+00 1.000000e+00 6.952911e-310
2.890000e+00 1.000000e+00 1.000000e+00 1.000000e+00 1.000000e+00 6.952911e-310
2.900000e+00 1.000000e+00 1.000000e+00 1.000000e+00 1.000000e+00 6.952911e-310
2.910000e+00 1.000000e+00 1.000000e+00 1.000000e+00 1.000000e+00 6.952911e-310
2.920000e+00 1.000000e+00 1.000000e+00 1.000000e+00 1.000000e+00 6.952911e-310
2.930000e+00 1.000000e+00 1.000000e+00 1.000000e+00 1.000000e+00 6.952911e-310
2.940000e+00 1.000000e+00 1.000000e+00 1.000000e+00 1.000000e+00 6.952911e-310
2.950000e+00 1.000000e+00 1.000000e+00 1.000000e+00 1.000000e+00 6.952911e-310
2.960000e+00 1.000000e+00 1.000000e+00 1.000000e+00 1.000000e+00 6.952911e-310
2.970000e+00 1.000000e+00 1.000000e+00 1.000000e+00 1.000000e+00 6.952911e-310
2.980000e+00 1.000000e+00 1.000000e+00 1.000000e+00 1.000000e+00 6.952911e-310
2.990000e+00 1.000000e+00 1.000000e+00 1.000000e+00 1.000000e+00 6.952911e-310
3.000000e+00 1.000000e+00 1.000000e+00 1.000000e+00 1.000000e+00 6.952911e-310
3.010000e+00 1.000000e+00 1.000000e+00 1.000000e+00 1.000000e+00 6.952911e-310
3.020000e+00 1.000000e+00 1.000000e+00 1.000000e+00 1.000000e+00 6.952911e-310
3.030000e+00 1.000000e+00 1.000000e+00 1.000000e+00 1.000000e+00 6.952911e-310
3.040000e+00 1.000000e+00 1.000000e+00 1.000000e+00 1.000000e+00 6.952911e-310
3.050000e+00 1.000000e+00 1.000000e+00 1.000000e+00 1.000000e+00 6.952911e-310
3.060000e+00 1.000000e+00 1.000000e+00 1.000000e+00 1.000000e+00 6.952911e-310
3.070000e+00 1.000000e+00 1.000000e+00 1.000000e+00 1.000000e+00 6.952911e-310
3.080000e+00 1.000000e+00 1.000000e+00 1.000000e+00 1.000000e+00 6.952911e-310
3.090000e+00 1.000000e+00 1.000000e+00 1.000000e+00 1.000000e+00 6.952911e-310
3.100000e+00 1.000000e+00 1.000000e+00 1.000000e+00 1.000000e+00 6.952911e-310
3.110000e+00 1.000000e+00 1.000000e+00 1.000000e+00 1.000000e+00 6.952911e-310
3.120000e+00 1.000000e+00 1.000000e+00 1.000000e+00 1.000000e+00 6.952911e-310
3.130000e+00 1.000000e+00 1.000000e+00 1.000000e+00 1.000000e+00 6.952911e-310
3.140000e+00 1.000000e+00 1.000000e+00 1.000000e+00 1.000000e+00 6.952911e-310
3.150000e+00 1.000000e+00 1.000000e+00 1.000000e+00 1.000000e+00 6.952911e-310
3.160000e+00 1.000000e+00 1.000000e+00 1.000000e+00 1.000000e+00 6.952911e-310
3.170000e+00 1.000000e+00 1.000000e+00 1.000000e+00 1.000000e+00 6.952911e-310
3.180000e+00 1.000000e+00 1.000000e+00 1.000000e+00 1.000000e+00 6.952911e-310
3.190000e+00 1.000000e+00 1.000000e+00 1.000000e+00 1.000000e+00 6.952911e-310
3.200000e+00 1.000000e+00 1.000000e+00 1.000000e+00 1.000000e+00 6.952911e-310
3.210000e+00 1.000000e+00 1.000000e+00 1.000000e+00 1.000000e+00 6.952911e-310
3.220000e+00 1.000000e+00 1.000000e+00 1.000000e+00 1.000000e+00 6.952911e-310
3.230000e+00 1.000000e+00 1.000000e+00 1.000000e+00 1.000000e+00 6.952911e-310
3.240000e+00 1.000000e+00 1.000000e+00 1.000000e+00 1.000000e+00 6.952911e-310
3.250000e+00 1.000000e+00 1.000000e+00 1.000000e+00 1.000000e+00 6.952911e-310
3.260000e+00 1.000000e+00 1.000000e+00 1.000000e+00 1.000000e+00 6.952911e-310
3.270000e+00 1.000000e+00 1.000000e+00 1.000000e+00 1.000000e+00 6.952911e-310
3.280000e+00 1.000000e+00 1.000000e+00 1.000000e+00 1.000000e+00 6.952911e-310
3.290000e+00 1.000000e+00 1.000000e+00 1.000000e+00 1.000000e+00 6.952911e-310
3.300000e+00 1.000000e+00 1.000000e+00 1.000000e+00 1.000000e+00 6.952911e-310
3.310000e+00 1.000000e+00 1.000000e+00 1.000000e+00 1.000000e+00 6.952911e-310
3.320000e+00 1.000000e+00 1.000000e+00 1.000000e+00 1.000000e+00 6.952911e-310
3.330000e+00 1.000000e+00 1.000000e+00 1.000000e+00 1.000000e+00 6.952911e-310
3.340000e+00 1.000000e+00 1.000000e+00 1.000000e+00 1.000000e+00 6.952911e-310
3.350000e+00 1.000000e+00 1.000000e+00 1.000000e+00 1.000000e+00 6.952911e-310
3.360000e+00 1.000000e+00 1.000000e+00 1.000000e+00 1.000000e+00 6.952911e-310
3.370000e+00 1.000000e+00 1.000000e+00 1.000000e+00 1.000000e+00 6.952911e-310
3.380000e+00 1.000000e+00 1.000000e+00 1.000000e+00 1.000000e+00 6.952911e-310
3.390000e+00 1.000000e+00 1.000000e+00 1.000000e+00 1.000000e+00 6.952911e-310
3.400000e+00 1.000000e+00 1.000000e+00 1.000000e+00 1.000000e+00 6.952911e-310
3.410000e+00 1.000000e+00 1.000000e+00 1.000000e+00 1.000000e+00 6.952911e-310
3.420000e+00 1.000000e+00 1.000000e+00 1.000000e+00 1.000000e+00 6.952911e-310
3.430000e+00 1.000000e+00 1.000000e+00 1.000000e+00 1.000000e+00 6.952911e-310
3.440000e+00 1.000000e+00 1.000000e+00 1.000000e+00 1.000000e+00 6.952911e-310
3.450000e+00 1.000000e+00 1.000000e+00 1.000000e+00 1.000000e+00 6.952911e-310
3.460000e+00 1.000000e+00 1.000000e+00 1.000000e+00 1.000000e+00 6.952911e-310
3.470000e+00 1.000000e+00 1.000000e+00 1.000000e+00 1.000000e+00 6.952911e-310
3.480000e+00 1.000000e+00 1.000000e+00 1.000000e+00 1.000000e+00 6.952911e-310
3.490000e+00 1.000000e+00 1.000000e+00 1.000000e+00 1.000000e+00 6.952911e-310
3.500000e+00 1.000000e+00 1.000000e+00 1.000000e+00 1.000000e+00 6.952911e-310
3.510000e+00 1.000000e+00 1.000000e+00 1.000000e+00 1.000000e+00 6.952911e-310
3.520000e+00 1.000000e+00 1.000000e+00 1.000000e+00 1.000000e+00 6.952911e-310
3.530000e+00 1.000000e+00 1.000000e+00 1.000000e+00 1.000000e+00 6.952911e-310
3.540000e+00 1.000000e+00 1.000000e+00 1.000000e+00 1.000000e+00 6.952911e-310
3.550000e+00 1.000000e+00 1.000000e+00 1.000000e+00 1.000000e+00 6.952911e-310
3.560000e+00 1.000000e+00 1.000000e+00 1.000000e+00 1.000000e+00 6.952911e-310
3.570000e+00 1.000000e+00 1.000000e+00 1.000000e+00 1.000000e+00 6.952911e-310
3.580000e+00 1.000000e+00 1.000000e+00 1.000000e+00 1.000000e+00 6.952911e-310
3.590000e+00 1.000000e+00 1.000000e+00 1.000000e+00 1.000000e+00 6.952911e-310
3.600000e+00 1.000000e+00 1.000000e+00 1.000000e+00 1.000000e+00 6.952911e-310
3.610000e+00 1.000000e+00 1.000000e+00 1.000000e+00 1.000000e+00 6.952911e-310
3.620000e+00 1.000000e+00 1.000000e+00 1.000000e+00 1.000000e+00 6.952911e-310
3.630000e+00 1.000000e+00 1.000000e+00 1.000000e+00 1.000000e+00 6.952911e-310
3.640000e+00 1.000000e+00 1.000000e+00 1.000000e+00 1.000000e+00 6.952911e-310
3.650000e+00 1.000000e+00 1.000000e+00 1.000000e+00 1.000000e+00 6.952911e-310
3.660000e+00 1.000000e+00 1.000000e+00 1.000000e+00 1.000000e+00 6.952911e-310
3.670000e+00 1.000000e+00 1.000000e+00 1.000000e+00 1.000000e+00 6.952911e-310
3.680000e+00 1.000000e+00 1.000000e+00 1.000000e+00 1.000000e+00 6.952911e-310
3.690000e+00 1.000000e+00 1.000000e+00 1.000000e+00 1.000000e+00 6.952911e-310
3.700000e+00 1.000000e+00 1.000000e+00 1.000000e+00 1.000000e+00 6.952911e-310
3.710000e+00 1.000000e+00 1.000000e+00 1.000000e+00 1.000000e+00 6.952911e-310
3.720000e+00 1.000000e+00 1.000000e+00 1.000000e+00 1.000000e+00 6.952911e-310
3.730000e+00 1.000000e+00 1.000000e+00 1.000000e+00 1.000000e+00 6.952911e-310
3.740000e+00 1.000000e+00 1.000000e+00 1.000000e+00 1.000000e+00 6.952911e-310
3.750000e+00 1.000000e+00 1.000000e+00 1.000000e+00 1.000000e+00 6.952911e-310
3.760000e+00 1.000000e+00 1.000000e+00 1.000000e+00 1.000000e+00 6.952911e-310
3.770000e+00 1.000000e+00 1.000000e+00 1.000000e+00 1.000000e+00 6.952911e-310
3.780000e+00 1.000000e+00 1.000000e+00 1.000000e+00 1.000000e+00 6.952911e-310
3.790000e+00 1.000000e+00 1.000000e+00 1.000000e+00 1.000000e+00 6.952911e-310
3.800000e+00 1.000000e+00 1.000000e+00 1.000000e+00 1.000000e+00 6.952911e-310
3.810000e+00 1.000000e+00 1.000000e+00 1.000000e+00 1.000000e+00 6.952911e-310
3.820000e+00 1.000000e+00 1.000000e+00 1.000000e+00 1.000000e+00 6.952911e-310
3.830000e+00 1.000000e+00 1.000000e+00 1.000000e+00 1.000000e+00 6.952911e-310
3.840000e+00 1.000000e+00 1.000000e+00 1.000000e+00 1.000000e+00 6.952911e-310
3.850000e+00 1.000000e+00 1.000000e+00 1.000000e+00 1.000000e+00 6.952911e-310
3.860000e+00 1.000000e+00 1.000000e+00 1.000000e+00 1.000000e+00 6.952911e-310
3.870000e+00 1.000000e+00 1.000000e+00 1.000000e+00 1.000000e+00 6.952911e-310
3.880000e+00 1.000000e+00 1.000000e+00 1.000000e+00 1.000000e+00 6.952911e-310
3.890000e+00 1.000000e+00 1.000000e+00 1.000000e+00 1.000000e+00 6.952911e-310
3.900000e+00 1.000000e+00 1.000000e+00 1.000000e+00 1.000000e+00 6.952911e-310
3.910000e+00 1.000000e+00 1.000000e+00 1.000000e+00 1.000000e+00 6.952911e-310
3.920000e+00 1.000000e+00 1.000000e+00 1.000000e+00 1.000000e+00 6.952911e-310
3.930000e+00 1.000000e+00 1.000000e+00 1.000000e+00 1.000000e+00 6.952911e-310
3.940000e+00 1.000000e+00 1.000000e+00 1.000000e+00 1.000000e+00 6.952911e-310
3.950000e+00 1.000000e+00 1.000000e+00 1.000000e+00 1.000000e+00 6.952911e-310
3.960000e+00 1.000000e+00 1.000000e+00 1.000000e+00 1.000000e+00 6.952911e-310
3.970000e+00 1.000000e+00 1.000000e+00 1.000000e+00 1.000000e+00 6.952911e-310
3.980000e+00 1.000000e+00 1.000000e+00 1.000000e+00 1.000000e+00 6.952911e-310
3.990000e+00 1.000000e+00 1.000000e+00 1.000000e+00 1.000000e+00 6.952911e-310
4.000000e+00 1.000000e+00 1.000000e+00 1.000000e+00 1.000000e+00 6.952911e-310
4.010000e+00 1.000000e+00 1.000000e+00 1.000000e+00 1.000000e+00 6.952911e-310
4.020000e+00 1.000000e+00 1.000000e+00 1.000000e+00 1.000000e+00 6.952911e-310
4.030000e+00 1.000000e+00 1.000000e+00 1.000000e+00 1.000000e+00 6.952911e-310
4.040000e+00 1.000000e+00 1.000000e+00 1.000000e+00 1.000000e+00 6.952911e-310
4.050000e+00 1.000000e+00 1.000000e+00 1.000000e+00 1.000000e+00 6.952911e-310
4.060000e+00 1.000000e+00 1.000000e+00 1.000000e+00 1.000000e+00 6.952911e-310
4.070000e+00 1.000000e+00 1.000000e+00 1.000000e+00 1.000000e+00 6.952911e-310
4.080000e+00 1.000000e+00 1.000000e+00 1.000000e+00 1.000000e+00 6.952911e-310
4.090000e+00 1.000000e+00 1.000000e+00 1.000000e+00 1.000000e+00 6.952911e-310
4.100000e+00 1.000000e+00 1.000000e+00 1.000000e+00 1.000000e+00 6.952911e-310
4.110000e+00 1.000000e+00 1.000000e+00 1.000000e+00 1.000000e+00 6.952911e-310
4.120000e+00 1.000000e+00 1.000000e+00 1.000000e+00 1.000000e+00 6.952911e-310
4.130000e+00 1.000000e+00 1.000000e+00 1.000000e+00 1.000000e+00 6.952911e-310
4.140000e+00 1.000000e+00 1.000000e+00 1.000000e+00 1.000000e+00 6.952911e-310
4.150000e+00 1.000000e+00 1.000000e+00 1.000000e+00 1.000000e+00 6.952911e-310
4.160000e+00 1.000000e+00 1.000000e+00 1.000000e+00 1.000000e+00 6.952911e-310
4.170000e+00 1.000000e+00 1.000000e+00 1.000000e+00 1.000000e+00 6.952911e-310
4.180000e+00 1.000000e+00 1.000000e+00 1.000000e+00 1.000000e+00 6.952911e-310
4.190000e+00 1.000000e+00 1.000000e+00 1.000000e+00 1.000000e+00 6.952911e-310
4.200000e+00 1.000000e+00 1.000000e+00 1.000000e+00 1.000000e+00 6.952911e-310
4.210000e+00 1.000000e+00 1.000000e+00 1.000000e+00 1.000000e+00 6.952911e-310
4.220000e+00 1.000000e+00 1.000000e+00 1.000000e+00 1.000000e+00 6.952911e-310
4.230000e+00 1.000000e+00 1.000000e+00 1.000000e+00 1.000000e+00 6.952911e-310
4.240000e+00 1.000000e+00 1.000000e+00 1.000000e+00 1.000000e+00 6.952911e-310
4.250000e+00 1.000000e+00 1.000000e+00 1.000000e+00 1.000000e+00 6.952911e-310
4.260000e+00 1.000000e+00 1.000000e+00 1.000000e+00 1.000000e+00 6.952911e-310
4.270000e+00 1.000000e+00 1.000000e+00 1.000000e+00 1.000000e+00 6.952911e-310
4.280000e+00 1.000000e+00 1.000000e+00 1.000000e+00 1.000000e+00 6.952911e-310
4.290000e+00 1.000000e+00 1.000000e+00 1.000000e+00 1.000000e+00 6.952911e-310
4.300000e+00 1.000000e+00 1.000000e+00 1.000000e+00 1.000000e+00 6.952911e-310
4.310000e+00 1.000000e+00 1.000000e+00 1.000000e+00 1.000000e+00 6.952911e-310
4.320000e+00 1.000000e+00 1.000000e+00 1.000000e+00 1.000000e+00 6.952911e-310
4.330000e+00 1.000000e+00 1.000000e+00 1.000000e+00 1.000000e+00 6.952911e-310
4.340000e+00 1.000000e+00 1.000000e+00 1.000000e+00 1.000000e+00 6.952911e-310
4.350000e+00 1.000000e+00 1.000000e+00 1.000000e+00 1.000000e+00 6.952911e-310
4.360000e+00 1.000000e+00 1.000000e+00 1.000000e+00 1.000000e+00 6.952911e-310
4.370000e+00 1.000000e+00 1.000000e+00 1.000000e+00 1.000000e+00 6.952911e-310
4.380000e+00 1.000000e+00 1.000000e+00 1.000000e+00 1.000000e+00 6.952911e-310
4.390000e+00 1.000000e+00 1.000000e+00 1.000000e+00 1.000000e+00 6.952911e-310
4.400000e+00 1.000000e+00 1.000000e+00 1.000000e+00 1.000000e+00 6.952911e-310
4.410000e+00 1.000000e+00 1.000000e+00 1.000000e+00 1.000000e+00 6.952911e-310
4.420000e+00 1.000000e+00 1.000000e+00 1.000000e+00 1.000000e+00 6.952911e-310
4.430000e+00 1.000000e+00 1.000000e+00 1.000000e+00 1.000000e+00 6.952911e-310
4.440000e+00 1.000000e+00 1.000000e+00 1.000000e+00 1.000000e+00 6.952911e-310
4.450000e+00 1.000000e+00 1.000000e+00 1.000000e+00 1.000000e+00 6.952911e-310
4.460000e+00 1.000000e+00 1.000000e+00 1.000000e+00 1.000000e+00 6.952911e-310
4.470000e+00 1.000000e+00 1.000000e+00 1.000000e+00 1.000000e+00 6.952911e-310
4.480000e+00 1.000000e+00 1.000000e+00 1.000000e+00 1.000000e+00 6.952911e-310
4.490000e+00 1.000000e+00 1.000000e+00 1.000000e+00 1.000000e+00 6.952911e-310
4.500000e+00 1.000000e+00 1.000000e+00 1.000000e+00 1.000000e+00 6.952911e-310
4.510000e+00 1.000000e+00 1.000000e+00 1.000000e+00 1.000000e+00 6.952911e-310
4.520000e+00 1.000000e+00 1.000000e+00 1.000000e+00 1.000000e+00 6.952911e-310
4.530000e+00 1.000000e+00 1.000000e+00 1.000000e+00 1.000000e+00 6.952911e-310
4.540000e+00 1.000000e+00 1.000000e+00 1.000000e+00 1.000000e+00 6.952911e-310
4.550000e+00 1.000000e+00 1.000000e+00 1.000000e+00 1.000000e+00 6.952911e-310
4.560000e+00 1.000000e+00 1.000000e+00 1.000000e+00 1.000000e+00 6.952911e-310
4.570000e+00 1.000000e+00 1.000000e+00 1.000000e+00 1.000000e+00 6.952911e-310
4.580000e+00 1.000000e+00 1.000000e+00 1.000000e+00 1.000000e+00 6.952911e-310
4.590000e+00 1.000000e+00 1.000000e+00 1.000000e+00 1.000000e+00 6.952911e-310
4.600000e+00 1.000000e+00 1.000000e+00 1.000000e+00 1.000000e+00 6.952911e-310
4.610000e+00 1.000000e+00 1.000000e+00 1.000000e+00 1.000000e+00 6.952911e-310
4.620000e+00 1.000000e+00 1.000000e+00 1.000000e+00 1.000000e+00 6.952911e-310
4.630000e+00 1.000000e+00 1.000000e+00 1.000000e+00 1.000000e+00 6.952911e-310
4.640000e+00 1.000000e+00 1.000000e+00 1.000000e+00 1.000000e+00 6.952911e-310
4.650000e+00 1.000000e+00 1.000000e+00 1.000000e+00 1.000000e+00 6.952911e-310
4.660000e+00 1.000000e+00 1.000000e+00 1.000000e+00 1.000000e+00 6.952911e-310
4.670000e+00 1.000000e+00 1.000000e+00 1.000000e+00 1.000000e+00 6.952911e-310
4.680000e+00 1.000000e+00 1.000000e+00 1.000000e+00 1.000000e+00 6.952911e-310
4.690000e+00 1.000000e+00 1.000000e+00 1.000000e+00 1.000000e+00 6.952911e-310
4.700000e+00 1.000000e+00 1.000000e+00 1.000000e+00 1.000000e+00 6.952911e-310
4.710000e+00 1.000000e+00 1.000000e+00 1.000000e+00 1.000000e+00 6.952911e-310
4.720000e+00 1.000000e+00 1.000000e+00 1.000000e+00 1.000000e+00 6.952911e-310
4.730000e+00 1.000000e+00 1.000000e+00 1.000000e+00 1.000000e+00 6.952911e-310
4.740000e+00 1.000000e+00 1.000000e+00 1.000000e+00 1.000000e+00 6.952911e-310
4.750000e+00 1.000000e+00 1.000000e+00 1.000000e+00 1.000000e+00 6.952911e-310
4.760000e+00 1.000000e+00 1.000000e+00 1.000000e+00 1.000000e+00 6.952911e-310
4.770000e+00 1.000000e+00 1.000000e+00 1.000000e+00 1.000000e+00 6.952911e-310
4.780000e+00 1.000000e+00 1.000000e+00 1.000000e+00 1.000000e+00 6.952911e-310
4.790000e+00 1.000000e+00 1.000000e+00 1.000000e+00 1.000000e+00 6.952911e-310
4.800000e+00 1.000000e+00 1.000000e+00 1.000000e+00 1.000000e+00 6.952911e-310
4.810000e+00 1.000000e+00 1.000000e+00 1.000000e+00 1.000000e+00 6.952911e-310
4.820000e+00 1.000000e+00 1.000000e+00 1.000000e+00 1.000000e+00 6.952911e-310
4.830000e+00 1.000000e+00 1.000000e+00 1.000000e+00 1.000000e+00 6.952911e-310
4.840000e+00 1.000000e+00 1.000000e+00 1.000000e+00 1.000000e+00 6.952911e-310
4.850000e+00 1.000000e+00 1.000000e+00 1.000000e+00 1.000000e+00 6.952911e-310
4.860000e+00 1.000000e+00 1.000000e+00 1.000000e+00 1.000000e+00 6.952911e-310
4.870000e+00 1.000000e+00 1.000000e+00 1.000000e+00 1.000000e+00 6.952911e-310
4.880000e+00 1.000000e+00 1.000000e+00 1.000000e+00 1.000000e+00 6.952911e-310
4.890000e+00 1.000000e+00 1.000000e+00 1.000000e+00 1.000000e+00 6.952911e-310
4.900000e+00 1.000000e+00 1.000000e+00 1.000000e+00 1.000000e+00 6.952911e-310
4.910000e+00 1.000000e+00 1.000000e+00 1.000000e+00 1.000000e+00 6.952911e-310
4.920000e+00 1.000000e+00 1.000000e+00 1.000000e+00 1.000000e+00 6.952911e-310
4.930000e+00 1.000000e+00 1.000000e+00 1.000000e+00 1.000000e+00 6.952911e-310
4.940000e+00 1.000000e+00 1.000000e+00 1.000000e+00 1.000000e+00 6.952911e-310
4.950000e+00 1.000000e+00 1.000000e+00 1.000000e+00 1.000000e+00 6.952911e-310
4.960000e+00 1.000000e+00 1.000000e+00 1.000000e+00 1.000000e+00 6.952911e-310
4.970000e+00 1.000000e+00 1.000000e+00 1.000000e+00 1.000000e+00 6.952911e-310
4.980000e+00 1.000000e+00 1.000000e+00 1.000000e+00 1.000000e+00 6.952911e-310
4.990000e+00 1.000000e+00 1.000000e+00 1.000000e+00 1.000000e+00 6.952911e-310
5.000000e+00 1.000000e+00 1.000000e+00 1.000000e+00 1.000000e+00 6.952911e-310
