0.000000e+00 0.000000e+00 0.000000e+00
1.500000e-01 9.496572e-01 3.000000e+00
3.000000e-01 9.973002e-01 -2.933985e+00
4.500000e-01 9.998381e-01 8.380734e+00
6.000000e-01 9.999889e-01 -1.189710e+01
7.500000e-01 9.999991e-01 2.167330e+01
9.000000e-01 9.999999e-01 -2.918302e+01
1.050000e+00 1.000000e+00 4.110506e+01
1.200000e+00 1.000000e+00 -4.766494e+01
1.350000e+00 1.000000e+00 5.524944e+01
1.500000e+00 1.000000e+00 -5.495524e+01
1.650000e+00 1.000000e+00 5.480312e+01
1.800000e+00 1.000000e+00 -4.758179e+01
1.950000e+00 1.000000e+00 4.247785e+01
2.100000e+00 1.000000e+00 -3.269401e+01
2.250000e+00 1.000000e+00 2.718915e+01
2.400000e+00 1.000000e+00 -1.857436e+01
2.550000e+00 1.000000e+00 1.513061e+01
2.700000e+00 1.000000e+00 -8.890483e+00
2.850000e+00 1.000000e+00 7.734834e+00
3.000000e+00 1.000000e+00 -3.474817e+00
3.150000e+00 1.000000e+00 3.908631e+00
3.300000e+00 1.000000e+00 -8.537611e-01
3.450000e+00 1.000000e+00 2.160744e+00
3.600000e+00 1.000000e+00 2.846836e-01
3.750000e+00 1.000000e+00 1.434519e+00
3.900000e+00 1.000000e+00 7.394690e-01
