-8.79483 3.71901e-64 2.22233e-65
-8.76983 8.56332e-64 6.19859e-65
-8.74483 1.96708e-63 1.5045e-64
-8.71983 4.50786e-63 3.56429e-64
-8.69483 1.03058e-62 8.39062e-64
-8.66983 2.35051e-62 1.96877e-63
-8.64483 5.34819e-62 4.60691e-63
-8.61983 1.214e-61 1.07518e-62
-8.59483 2.74913e-61 2.50277e-62
-8.56983 6.21065e-61 5.81067e-62
-8.54483 1.39974e-60 1.34555e-61
-8.51983 3.14717e-60 3.10771e-61
-8.49483 7.0593e-60 7.15898e-61
-8.46983 1.57968e-59 1.64487e-60
-8.44483 3.52648e-59 3.76947e-60
-8.41983 7.85379e-59 8.6159e-60
-8.39483 1.74495e-58 1.96422e-59
-8.36983 3.86772e-58 4.46635e-59
-8.34483 8.55246e-58 1.01295e-58
-8.31983 1.88666e-57 2.29136e-58
-8.29483 4.15204e-57 5.16977e-58
-8.26983 9.11583e-57 1.16338e-57
-8.24483 1.99663e-56 2.61125e-57
-8.21983 4.36278e-56 5.84585e-57
-8.19483 9.51032e-56 1.30533e-56
-8.16983 2.06821e-55 2.90717e-56
-8.14483 4.48702e-55 6.45796e-56
-8.11983 9.71154e-55 1.43086e-55
-8.09483 2.09693e-54 3.16208e-55
-8.06983 4.51696e-54 6.96992e-55
-8.04483 9.70676e-54 1.53235e-54
-8.01983 2.08098e-53 3.36023e-54
-7.99483 4.4507e-53 7.34949e-54
-7.96983 9.4963e-53 1.60333e-53
-7.94483 2.02137e-52 3.48875e-53
-7.91983 4.29244e-52 7.57175e-53
-7.89483 9.09344e-52 1.63909e-52
-7.86983 1.92184e-51 3.53908e-52
-7.84483 4.05204e-51 7.62182e-52
-7.81983 8.52306e-51 1.63723e-51
-7.79483 1.78848e-50 3.50785e-51
-7.76983 3.74401e-50 7.49646e-51
-7.74483 7.8191e-50 1.59792e-50
-7.71983 1.62908e-49 3.39732e-50
-7.69483 3.38605e-49 7.20447e-50
-7.66983 7.0212e-49 1.52389e-49
-7.64483 1.45243e-48 3.21505e-49
-7.61983 2.9974e-48 6.76564e-49
-7.59483 6.17106e-48 1.42009e-48
-7.56983 1.26748e-47 2.97309e-48
-7.54483 2.5971e-47 6.20853e-48
-7.51983 5.30887e-47 1.29317e-47
-7.49483 1.08263e-46 2.68665e-47
-7.46983 2.20256e-46 5.56742e-47
-7.44483 4.47031e-46 1.15076e-46
-7.41983 9.05139e-46 2.3725e-46
-7.39483 1.82835e-45 4.87885e-46
-7.36983 3.68441e-45 1.00073e-45
-7.34483 7.40701e-45 2.04743e-45
-7.31983 1.48554e-44 4.17823e-45
-7.29483 2.97229e-44 8.50483e-45
-7.26983 5.93286e-44 1.72676e-44
-7.24483 1.18142e-43 3.49695e-44
-7.21983 2.34697e-43 7.06382e-44
-7.19483 4.65135e-43 1.42326e-43
-7.16983 9.19635e-43 2.86036e-43
-7.14483 1.81392e-42 5.73394e-43
-7.11983 3.56933e-42 1.14651e-42
-7.09483 7.00684e-42 2.28666e-42
-7.06983 1.37222e-41 4.54902e-42
-7.04483 2.68095e-41 9.02674e-42
-7.01983 5.22543e-41 1.78665e-41
-6.99483 1.01606e-40 3.52733e-41
-6.96983 1.97099e-40 6.94624e-41
-6.94483 3.81431e-40 1.36443e-40
-6.91983 7.36398e-40 2.67332e-40
-6.89483 1.41832e-39 5.22454e-40
-6.86983 2.72523e-39 1.01846e-39
-6.84483 5.22394e-39 1.98035e-39
-6.81983 9.98983e-39 3.84094e-39
-6.79483 1.90583e-38 7.43078e-39
-6.76983 3.62725e-38 1.43394e-38
-6.74483 6.88708e-38 2.76014e-38
-6.71983 1.30455e-37 5.29946e-38
-6.69483 2.46519e-37 1.01493e-37
-6.66983 4.64736e-37 1.93883e-37
-6.64483 8.74033e-37 3.69443e-37
-6.61983 1.6399e-36 7.02197e-37
-6.59483 3.06952e-36 1.33129e-36
-6.56983 5.73179e-36 2.51764e-36
-6.54483 1.06777e-35 4.74918e-36
-6.51983 1.9844e-35 8.9361e-36
-6.49483 3.67914e-35 1.67719e-35
-6.46983 6.80503e-35 3.13996e-35
-6.44483 1.25568e-34 5.86369e-35
-6.41983 2.31151e-34 1.09226e-34
-6.39483 4.245e-34 2.02949e-34
-6.36983 7.77724e-34 3.76146e-34
-6.34483 1.42147e-33 6.95399e-34
-6.31983 2.5919e-33 1.28239e-33
-6.29483 4.71481e-33 2.35893e-33
-6.26983 8.55611e-33 4.32831e-33
-6.24483 1.54901e-32 7.92196e-33
-6.21983 2.79768e-32 1.44629e-32
-6.19483 5.04089e-32 2.63385e-32
-6.16983 9.06113e-32 4.78451e-32
-6.14483 1.62489e-31 8.6695e-32
-6.11983 2.90691e-31 1.56698e-31
-6.09483 5.18806e-31 2.82517e-31
-6.06983 9.23728e-31 5.08087e-31
-6.04483 1.64078e-30 9.11476e-31
-6.01983 2.90751e-30 1.63104e-30
-5.99483 5.13994e-30 2.91139e-30
-5.96983 9.06486e-30 5.18381e-30
-5.94483 1.59489e-29 9.20687e-30
-5.91983 2.7994e-29 1.63114e-29
-5.89483 4.90192e-29 2.8826e-29
-5.86983 8.56315e-29 5.08153e-29
-5.84483 1.49234e-28 8.93553e-29
-5.81983 2.59457e-28 1.56734e-28
-5.79483 4.50019e-28 2.74235e-28
-5.76983 7.78685e-28 4.7863e-28
-5.74483 1.34418e-27 8.33289e-28
-5.71983 2.31484e-27 1.44713e-27
-5.69483 3.97695e-27 2.50692e-27
-5.66983 6.81624e-27 4.33204e-27
-5.64483 1.16548e-26 7.46729e-27
-5.61983 1.98807e-26 1.28397e-26
-5.59483 3.38318e-26 2.20224e-26
-5.56983 5.7436e-26 3.76786e-26
-5.54483 9.72767e-26 6.43054e-26
-5.51983 1.64361e-25 1.09477e-25
-5.49483 2.77048e-25 1.85916e-25
-5.46983 4.65885e-25 3.14944e-25
-5.44483 7.81568e-25 5.32198e-25
-5.41983 1.30804e-24 8.97091e-25
-5.39483 2.18395e-24 1.50842e-24
-5.36983 3.63771e-24 2.53007e-24
-5.34483 6.04478e-24 4.23317e-24
-5.31983 1.00207e-23 7.06519e-24
-5.29483 1.65723e-23 1.17627e-23
-5.26983 2.73422e-23 1.95351e-23
-5.24483 4.50038e-23 3.2363e-23
-5.21983 7.38978e-23 5.3482e-23
-5.19483 1.21054e-22 8.81644e-23
-5.16983 1.97831e-22 1.44979e-22
-5.14483 3.22533e-22 2.37818e-22
-5.11983 5.2459e-22 3.89144e-22
-5.09483 8.51201e-22 6.35192e-22
-5.06983 1.37788e-21 1.03425e-21
-5.04483 2.22512e-21 1.67988e-21
-5.01983 3.58479e-21 2.7218e-21
-4.99483 5.76156e-21 4.39911e-21
-4.96983 9.23808e-21 7.09256e-21
-4.94483 1.47771e-20 1.1407e-20
-4.91983 2.35811e-20 1.83007e-20
-4.89483 3.75408e-20 2.92884e-20
-4.86983 5.96223e-20 4.67579e-20
-4.84483 9.44671e-20 7.44639e-20
-4.81983 1.4932e-19 1.18295e-19
-4.79483 2.35462e-19 1.87465e-19
-4.76983 3.70417e-19 2.96352e-19
-4.74483 5.81335e-19 4.67332e-19
-4.71983 9.10182e-19 7.35152e-19
-4.69483 1.42166e-18 1.15362e-18
-4.66983 2.21528e-18 1.80584e-18
-4.64483 3.44373e-18 2.81989e-18
-4.61983 5.34065e-18 4.39257e-18
-4.59483 8.26276e-18 6.82558e-18
-4.56983 1.27533e-17 1.05802e-17
-4.54483 1.96375e-17 1.63601e-17
-4.51983 3.01658e-17 2.52356e-17
-4.49483 4.62285e-17 3.88308e-17
-4.46983 7.06759e-17 5.96039e-17
-4.44483 1.07795e-16 9.12663e-17
-4.41983 1.64018e-16 1.39406e-16
-4.39483 2.48972e-16 2.12418e-16
-4.36983 3.7703e-16 3.22878e-16
-4.34483 5.69596e-16 4.8958e-16
-4.31983 8.58467e-16 7.40537e-16
-4.29483 1.29076e-15 1.1174e-15
-4.26983 1.93613e-15 1.68193e-15
-4.24483 2.89728e-15 2.5255e-15
-4.21983 4.32525e-15 3.78291e-15
-4.19483 6.44166e-15 5.65255e-15
-4.16983 9.57085e-15 8.42563e-15
-4.14483 1.41863e-14 1.25286e-14
-4.11983 2.09775e-14 1.8584e-14
-4.09483 3.0946e-14 2.74992e-14
-4.06983 4.55429e-14 4.05921e-14
-4.04483 6.68657e-14 5.97729e-14
-4.01983 9.79382e-14 8.78029e-14
-3.99483 1.43109e-13 1.28664e-13
-3.96983 2.08616e-13 1.88081e-13
-3.94483 3.03385e-13 2.74269e-13
-3.91983 4.40155e-13 3.9898e-13
-3.89483 6.37066e-13 5.78987e-13
-3.86983 9.19875e-13 8.38167e-13
-3.84483 1.32507e-12 1.21042e-12
-3.81983 1.90421e-12 1.74376e-12
-3.79483 2.72997e-12 2.50599e-12
-3.76983 3.9045e-12 3.59267e-12
-3.74483 5.57108e-12 5.13809e-12
-3.71983 7.93012e-12 7.33044e-12
-3.69483 1.12612e-11 1.04329e-11
-3.66983 1.59536e-11 1.48124e-11
-3.64483 2.25474e-11 2.09793e-11
-3.61983 3.17907e-11 2.96417e-11
-3.59483 4.47167e-11 4.17794e-11
-3.56983 6.27489e-11 5.87446e-11
-3.54483 8.78431e-11 8.23988e-11
-3.51983 1.22681e-10 1.15298e-10
-3.49483 1.70927e-10 1.60942e-10
-3.46983 2.3758e-10 2.24112e-10
-3.44483 3.29439e-10 3.11322e-10
-3.41983 4.55729e-10 4.31421e-10
-3.39483 6.28933e-10 5.96407e-10
-3.36983 8.659e-10 8.22495e-10
-3.34483 1.18932e-09 1.13155e-09
-3.31983 1.62965e-09 1.55296e-09
-3.29483 2.22769e-09 2.12618e-09
-3.26983 3.03796e-09 2.90394e-09
-3.24483 4.1331e-09 3.95664e-09
-3.21983 5.60964e-09 5.37794e-09
-3.19483 7.59557e-09 7.29215e-09
-3.16983 1.02601e-08 9.86385e-09
-3.14483 1.38264e-08 1.33103e-08
-3.11983 1.8588e-08 1.79177e-08
-3.09483 2.493e-08 2.40617e-08
-3.06983 3.33562e-08 3.22346e-08
-3.04483 4.45244e-08 4.30796e-08
-3.01983 5.92905e-08 5.74344e-08
-2.99483 7.87659e-08 7.63882e-08
-2.96983 1.0439e-07 1.01352e-07
-2.94483 1.3802e-07 1.3415e-07
-2.91983 1.82051e-07 1.77135e-07
-2.89483 2.39558e-07 2.3333e-07
-2.86983 3.1448e-07 3.06612e-07
-2.84483 4.11853e-07 4.01942e-07
-2.81983 5.38093e-07 5.25643e-07
-2.79483 7.01355e-07 6.85761e-07
-2.76983 9.11979e-07 8.92502e-07
-2.74483 1.18304e-06 1.15878e-06
-2.71983 1.531e-06 1.50088e-06
-2.69483 1.97661e-06 1.93931e-06
-2.66983 2.54584e-06 2.49979e-06
-2.64483 3.27121e-06 3.21452e-06
-2.61983 4.19325e-06 4.12367e-06
-2.59483 5.3624e-06 5.27725e-06
-2.56983 6.84123e-06 6.73732e-06
-2.54483 8.70712e-06 8.58072e-06
-2.51983 1.10556e-05 1.09023e-05
-2.49483 1.4004e-05 1.38187e-05
-2.46983 1.76967e-05 1.74732e-05
-2.44483 2.23098e-05 2.20412e-05
-2.41983 2.80586e-05 2.77368e-05
-2.39483 3.52049e-05 3.48205e-05
-2.36983 4.40661e-05 4.36084e-05
-2.34483 5.50267e-05 5.44834e-05
-2.31983 6.855e-05 6.79072e-05
-2.29483 8.51937e-05 8.44357e-05
-2.26983 0.000105627 0.000104736
-2.24483 0.000130649 0.000129605
-2.21983 0.000161214 0.000159995
-2.19483 0.000198458 0.000197039
-2.16983 0.000243724 0.000242078
-2.14483 0.000298603 0.0002967
-2.11983 0.000364969 0.000362777
-2.09483 0.000445024 0.000442508
-2.06983 0.000541349 0.000538471
-2.04483 0.000656958 0.000653678
-2.01983 0.000795359 0.000791635
-1.99483 0.000960627 0.000956415
-1.96983 0.00115748 0.00115273
-1.94483 0.00139135 0.00138602
-1.91983 0.0016685 0.00166255
-1.89483 0.0019961 0.00198947
-1.86983 0.00238234 0.00237499
-1.84483 0.00283655 0.00282844
-1.81983 0.00336933 0.00336043
-1.79483 0.00399267 0.00398293
-1.76983 0.00472008 0.00470947
-1.74483 0.00556673 0.00555525
-1.71983 0.00654964 0.00653727
-1.69483 0.00768778 0.00767453
-1.66983 0.00900223 0.00898811
-1.64483 0.0105164 0.0105014
-1.61983 0.0122559 0.0122402
-1.59483 0.0142493 0.0142329
-1.56983 0.0165275 0.0165105
-1.54483 0.0191243 0.0191068
-1.51983 0.0220766 0.0220587
-1.49483 0.0254239 0.0254059
-1.46983 0.0292092 0.0291912
-1.44483 0.0334782 0.0334606
-1.41983 0.0382799 0.0382628
-1.39483 0.0436663 0.04365
-1.36983 0.0496921 0.049677
-1.34483 0.0564149 0.0564014
-1.31983 0.063895 0.0638834
-1.29483 0.0721947 0.0721854
-1.26983 0.0813786 0.081372
-1.24483 0.0915126 0.0915092
-1.21983 0.102664 0.102664
-1.19483 0.1149 0.114904
-1.16983 0.128289 0.128297
-1.14483 0.142897 0.14291
-1.11983 0.15879 0.158809
-1.09483 0.176032 0.176056
-1.06983 0.194681 0.194711
-1.04483 0.214794 0.21483
-1.01983 0.236421 0.236463
-0.994826 0.259607 0.259655
-0.969826 0.284389 0.284444
-0.944826 0.310796 0.310857
-0.919826 0.338846 0.338914
-0.894826 0.368551 0.368624
-0.869826 0.399906 0.399984
-0.844826 0.432896 0.432979
-0.819826 0.467494 0.467581
-0.794826 0.503656 0.503747
-0.769826 0.541325 0.541418
-0.744826 0.580427 0.580522
-0.719826 0.620874 0.62097
-0.694826 0.662561 0.662656
-0.669826 0.705365 0.705458
-0.644826 0.749148 0.749238
-0.619826 0.793757 0.793843
-0.594826 0.839022 0.839102
-0.569826 0.884759 0.884832
-0.544826 0.930771 0.930836
-0.519826 0.976847 0.976903
-0.494826 1.02277 1.02281
-0.469826 1.0683 1.06833
-0.444826 1.1132 1.11322
-0.419826 1.15723 1.15724
-0.394826 1.20015 1.20014
-0.369826 1.24169 1.24167
-0.344826 1.28162 1.28159
-0.319826 1.31969 1.31964
-0.294826 1.35565 1.35559
-0.269826 1.38929 1.38921
-0.244826 1.42037 1.42028
-0.219826 1.44869 1.44859
-0.194826 1.47407 1.47395
-0.169826 1.49632 1.4962
-0.144826 1.5153 1.51516
-0.119826 1.53087 1.53072
-0.094826 1.54292 1.54277
-0.069826 1.55136 1.55121
-0.044826 1.55615 1.55599
-0.019826 1.55723 1.55708
0.00517395 1.55461 1.55446
0.030174 1.54831 1.54816
0.055174 1.53836 1.53822
0.080174 1.52484 1.5247
0.105174 1.50785 1.50772
0.130174 1.4875 1.48738
0.155174 1.46393 1.46382
0.180174 1.43732 1.43722
0.205174 1.40783 1.40774
0.230174 1.37566 1.37559
0.255174 1.34104 1.34098
0.280174 1.30417 1.30413
0.305174 1.26531 1.26528
0.330174 1.22468 1.22466
0.355174 1.18254 1.18254
0.380174 1.13913 1.13914
0.405174 1.09471 1.09473
0.430174 1.04951 1.04955
0.455174 1.00379 1.00384
0.480174 0.957781 0.957841
0.505174 0.911706 0.911774
0.530174 0.865783 0.865859
0.555174 0.820218 0.820301
0.580174 0.775203 0.775291
0.605174 0.730916 0.731008
0.630174 0.68752 0.687615
0.655174 0.645163 0.645259
0.680174 0.603976 0.604072
0.705174 0.564074 0.564168
0.730174 0.525554 0.525647
0.755174 0.488501 0.488591
0.780174 0.452981 0.453066
0.805174 0.419044 0.419125
0.830174 0.386728 0.386804
0.855174 0.356055 0.356126
0.880174 0.327035 0.3271
0.905174 0.299667 0.299725
0.930174 0.273935 0.273988
0.955174 0.249818 0.249864
0.980174 0.227282 0.227322
1.00517 0.206288 0.206321
1.03017 0.186787 0.186815
1.05517 0.168728 0.168749
1.08017 0.152052 0.152068
1.10517 0.136698 0.13671
1.13017 0.122603 0.12261
1.15517 0.109699 0.109702
1.18017 0.0979205 0.0979191
1.20517 0.0871985 0.0871936
1.23017 0.0774658 0.077458
1.25517 0.0686558 0.0686455
1.28017 0.0607031 0.0606906
1.30517 0.0535439 0.0535297
1.33017 0.0471167 0.0471011
1.35517 0.0413624 0.0413458
1.38017 0.0362246 0.0362072
1.40517 0.0316494 0.0316316
1.43017 0.0275864 0.0275684
1.45517 0.0239878 0.0239698
1.48017 0.020809 0.0207913
1.50517 0.0180085 0.0179912
1.53017 0.0155479 0.0155311
1.55517 0.0133915 0.0133754
1.58017 0.0115068 0.0114914
1.60517 0.00986382 0.00984921
1.63017 0.00843533 0.00842156
1.65517 0.00719656 0.00718367
1.68017 0.0061251 0.0061131
1.70517 0.00520077 0.00518966
1.73017 0.00440543 0.00439519
1.75517 0.00372285 0.00371345
1.78017 0.00313854 0.00312997
1.80517 0.00263965 0.00263186
1.83017 0.00221478 0.00220774
1.85517 0.00185388 0.00184754
1.88017 0.00154809 0.00154241
1.90517 0.00128967 0.00128459
1.93017 0.00107184 0.00106732
1.95517 0.000888674 0.00088467
1.98017 0.00073506 0.000731526
2.00517 0.000606553 0.000603445
2.03017 0.000499323 0.000496599
2.05517 0.000410071 0.000407694
2.08017 0.000335972 0.000333904
2.10517 0.000274608 0.000272815
2.13017 0.000223918 0.00022237
2.15517 0.000182151 0.000180818
2.18017 0.000147822 0.000146678
2.20517 0.000119678 0.0001187
2.23017 9.66615e-05 9.58277e-05
2.25517 7.7886e-05 7.71777e-05
2.28017 6.26082e-05 6.20084e-05
2.30517 5.02075e-05 4.97013e-05
2.33017 4.01673e-05 3.97413e-05
2.35517 3.20584e-05 3.17012e-05
2.38017 2.55257e-05 2.5227e-05
2.40517 2.02759e-05 2.00269e-05
2.43017 1.60675e-05 1.58605e-05
2.45517 1.27023e-05 1.25308e-05
2.48017 1.0018e-05 9.8764e-06
2.50517 7.88218e-06 7.76558e-06
2.53017 6.18697e-06 6.09124e-06
2.55517 4.84479e-06 4.76644e-06
2.58017 3.78476e-06 3.72081e-06
2.60517 2.94963e-06 2.8976e-06
2.63017 2.29331e-06 2.25109e-06
2.65517 1.77879e-06 1.74464e-06
2.68017 1.37642e-06 1.34887e-06
2.70517 1.06254e-06 1.04038e-06
2.73017 8.18285e-07 8.00514e-07
2.75517 6.2868e-07 6.14469e-07
2.78017 4.8186e-07 4.70528e-07
2.80517 3.68449e-07 3.59438e-07
2.83017 2.81061e-07 2.73916e-07
2.85517 2.1389e-07 2.08241e-07
2.88017 1.62385e-07 1.57931e-07
2.90517 1.22989e-07 1.19487e-07
2.93017 9.29294e-08 9.01837e-08
2.95517 7.00496e-08 6.79029e-08
2.98017 5.26775e-08 5.10036e-08
3.00517 3.95193e-08 3.82179e-08
3.03017 2.95774e-08 2.85683e-08
3.05517 2.2084e-08 2.13036e-08
3.08017 1.64498e-08 1.5848e-08
3.10517 1.22239e-08 1.17611e-08
3.13017 9.06198e-09 8.70706e-09
3.15517 6.70199e-09 6.43053e-09
3.18017 4.94482e-09 4.73776e-09
3.20517 3.63968e-09 3.48217e-09
3.23017 2.67265e-09 2.55315e-09
3.25517 1.95788e-09 1.86747e-09
3.28017 1.43086e-09 1.36264e-09
3.30517 1.04321e-09 9.91874e-10
3.33017 7.58779e-10 7.20248e-10
3.35517 5.50584e-10 5.21743e-10
3.38017 3.98564e-10 3.77034e-10
3.40517 2.87832e-10 2.71802e-10
3.43017 2.07369e-10 1.95467e-10
3.45517 1.49045e-10 1.4023e-10
3.48017 1.0687e-10 1.00359e-10
3.50517 7.64468e-11 7.1651e-11
3.53017 5.45543e-11 5.10309e-11
3.55517 3.88388e-11 3.6257e-11
3.58017 2.75847e-11 2.56978e-11
3.60517 1.9545e-11 1.81697e-11
3.63017 1.38156e-11 1.28158e-11
3.65517 9.74248e-12 9.01757e-12
3.68017 6.85386e-12 6.32964e-12
3.70517 4.81025e-12 4.43214e-12
3.73017 3.36795e-12 3.09595e-12
3.75517 2.3525e-12 2.15734e-12
3.78017 1.6393e-12 1.49964e-12
3.80517 1.13961e-12 1.03992e-12
3.83017 7.90344e-13 7.1938e-13
3.85517 5.46819e-13 4.96432e-13
3.88017 3.77431e-13 3.41747e-13
3.90517 2.59894e-13 2.34689e-13
3.93017 1.78535e-13 1.60777e-13
3.95517 1.22353e-13 1.09874e-13
3.98017 8.36511e-14 7.49051e-14
4.00517 5.70552e-14 5.09412e-14
4.03017 3.88226e-14 3.45595e-14
4.05517 2.63536e-14 2.33888e-14
4.08017 1.78468e-14 1.57903e-14
4.10517 1.20573e-14 1.06344e-14
4.13017 8.12647e-15 7.14456e-15
4.15517 5.46413e-15 4.78827e-15
4.18017 3.66527e-15 3.20126e-15
4.20517 2.45277e-15 2.13503e-15
4.23017 1.63748e-15 1.42045e-15
4.25517 1.09058e-15 9.42727e-16
4.28017 7.24614e-16 6.24145e-16
4.30517 4.8031e-16 4.12214e-16
4.33017 3.17616e-16 2.7158e-16
4.35517 2.09532e-16 1.78489e-16
4.38017 1.379e-16 1.17021e-16
4.40517 9.05403e-17 7.65333e-17
4.43017 5.93044e-17 4.99315e-17
4.45517 3.87523e-17 3.24964e-17
4.48017 2.52624e-17 2.10976e-17
4.50517 1.64292e-17 1.36636e-17
4.53017 1.06592e-17 8.82741e-18
4.55517 6.89923e-18 5.68901e-18
4.58017 4.45493e-18 3.65742e-18
4.60517 2.86978e-18 2.34556e-18
4.63017 1.84425e-18 1.50056e-18
4.65517 1.18239e-18 9.57622e-19
4.68017 7.56247e-19 6.09632e-19
4.70517 4.82541e-19 3.87146e-19
4.73017 3.07164e-19 2.45253e-19
4.75517 1.95062e-19 1.54984e-19
4.78017 1.23578e-19 9.76992e-20
4.80517 7.81044e-20 6.14366e-20
4.83017 4.92466e-20 3.85385e-20
4.85517 3.09772e-20 2.41153e-20
4.88017 1.9439e-20 1.5053e-20
4.90517 1.21695e-20 9.37306e-21
4.93017 7.60041e-21 5.82198e-21
4.95517 4.73551e-21 3.60736e-21
4.98017 2.94349e-21 2.22966e-21
5.00517 1.82526e-21 1.37472e-21
5.03017 1.12915e-21 8.45516e-22
5.05517 6.96863e-22 5.18748e-22
5.08017 4.2905e-22 3.17481e-22
5.10517 2.63532e-22 1.93824e-22
5.13017 1.61482e-22 1.18039e-22
5.15517 9.8715e-23 7.17081e-23
5.18017 6.02015e-23 4.34549e-23
5.20517 3.66266e-23 2.62685e-23
5.23017 2.22307e-23 1.584e-23
5.25517 1.34609e-23 9.52804e-24
5.28017 8.13134e-24 5.7171e-24
5.30517 4.90022e-24 3.42194e-24
5.33017 2.94602e-24 2.04312e-24
5.35517 1.76694e-24 1.21685e-24
5.38017 1.05724e-24 7.22947e-25
5.40517 6.31088e-25 4.28448e-25
5.43017 3.75815e-25 2.53286e-25
5.45517 2.23266e-25 1.49365e-25
5.48017 1.32324e-25 8.78631e-26
5.50517 7.82384e-26 5.15569e-26
5.53017 4.61495e-26 3.01778e-26
5.55517 2.71569e-26 1.76202e-26
5.58017 1.59426e-26 1.02625e-26
5.60517 9.33695e-27 5.96231e-27
5.63017 5.45527e-27 3.45539e-27
5.65517 3.17975e-27 1.99755e-27
5.68017 1.849e-27 1.15191e-27
5.70517 1.07262e-27 6.62609e-28
5.73017 6.20756e-28 3.80202e-28
5.75517 3.58395e-28 2.17615e-28
5.78017 2.06428e-28 1.24246e-28
5.80517 1.18616e-28 7.07604e-29
5.83017 6.79956e-29 4.0199e-29
5.85517 3.88853e-29 2.27802e-29
5.88017 2.21849e-29 1.2877e-29
5.90517 1.26268e-29 7.26084e-30
5.93017 7.16962e-30 4.08389e-30
5.95517 4.0613e-30 2.29127e-30
5.98017 2.29509e-30 1.28231e-30
6.00517 1.2939e-30 7.15851e-31
6.03017 7.27725e-31 3.98626e-31
6.05517 4.08319e-31 2.21422e-31
6.08017 2.28559e-31 1.22685e-31
6.10517 1.27633e-31 6.78064e-32
6.13017 7.11039e-32 3.7382e-32
6.15517 3.95175e-32 2.05573e-32
6.18017 2.19105e-32 1.12767e-32
6.20517 1.21194e-32 6.17029e-33
6.23017 6.68768e-33 3.36776e-33
6.25517 3.68159e-33 1.83352e-33
6.28017 2.02191e-33 9.95724e-34
6.30517 1.10778e-33 5.39388e-34
6.33017 6.05498e-34 2.91455e-34
6.35517 3.30169e-34 1.57091e-34
6.38017 1.79609e-34 8.44573e-35
6.40517 9.74727e-35 4.52929e-35
6.43017 5.27722e-35 2.42287e-35
6.45517 2.85032e-35 1.29281e-35
6.48017 1.53584e-35 6.88095e-36
6.50517 8.25596e-36 3.65313e-36
6.53017 4.42745e-36 1.93459e-36
6.55517 2.36867e-36 1.02192e-36
6.58017 1.26422e-36 5.38451e-37
6.60517 6.73143e-37 2.82996e-37
6.63017 3.57567e-37 1.48361e-37
6.65517 1.89484e-37 7.75816e-38
6.68017 1.00174e-37 4.04671e-38
6.70517 5.28326e-38 2.10546e-38
6.73017 2.77982e-38 1.09268e-38
6.75517 1.45914e-38 5.65641e-39
6.78017 7.64084e-39 2.92071e-39
6.80517 3.99165e-39 1.50431e-39
6.83017 2.08032e-39 7.72833e-40
6.85517 1.08162e-39 3.96034e-40
6.88017 5.61027e-40 2.02432e-40
6.90517 2.90308e-40 1.0321e-40
6.93017 1.49865e-40 5.24888e-41
6.95517 7.71805e-41 2.66261e-41
6.98017 3.96535e-41 1.34724e-41
7.00517 2.03245e-41 6.79952e-42
7.03017 1.03926e-41 3.42301e-42
7.05517 5.30148e-42 1.71883e-42
7.08017 2.69795e-42 8.60905e-43
7.10517 1.36974e-42 4.30102e-43
7.13017 6.93756e-43 2.1433e-43
7.15517 3.50543e-43 1.06534e-43
7.18017 1.76703e-43 5.28183e-44
7.20517 8.88607e-44 2.61201e-44
7.23017 4.45803e-44 1.28843e-44
7.25517 2.23122e-44 6.33921e-45
7.28017 1.11406e-44 3.11102e-45
7.30517 5.54929e-45 1.52286e-45
7.33017 2.75762e-45 7.43551e-46
7.35517 1.36709e-45 3.62119e-46
7.38017 6.76124e-46 1.75906e-46
7.40517 3.33596e-46 8.52314e-47
7.43017 1.64203e-46 4.11915e-47
7.45517 8.06322e-47 1.98566e-47
7.48017 3.95004e-47 9.54749e-48
7.50517 1.93046e-47 4.5789e-48
7.53017 9.41205e-48 2.19039e-48
7.55517 4.57799e-48 1.04512e-48
7.58017 2.22142e-48 4.97392e-49
7.60517 1.07536e-48 2.36111e-49
7.63017 5.19329e-49 1.11794e-49
7.65517 2.50205e-49 5.27969e-50
7.68017 1.20259e-49 2.48703e-50
7.70517 5.76638e-50 1.16852e-50
7.73017 2.75839e-50 5.47616e-51
7.75517 1.31636e-50 2.55976e-51
7.78017 6.26698e-51 1.19345e-51
7.80517 2.97652e-51 5.54997e-52
7.83017 1.41034e-51 2.5743e-52
7.85517 6.66664e-52 1.19099e-52
7.88017 3.1438e-52 5.4959e-53
7.90517 1.479e-52 2.52958e-53
7.93017 6.94144e-53 1.16129e-53
7.95517 3.25009e-53 5.3175e-54
7.98017 1.51812e-53 2.4286e-54
8.00517 7.07433e-54 1.10632e-54
8.03017 3.28874e-54 5.02673e-55
8.05517 1.52524e-54 2.27807e-55
8.08017 7.05691e-55 1.02973e-55
8.10517 3.25729e-55 4.64257e-56
8.13017 1.49991e-55 2.0877e-56
8.15517 6.8903e-56 9.36382e-57
8.18017 3.15775e-56 4.18903e-57
8.20517 1.44372e-56 1.86917e-57
8.23017 6.58499e-57 8.31872e-58
8.25517 2.99635e-57 3.69265e-58
8.28017 1.36018e-57 1.63491e-58
8.30517 6.15979e-58 7.21973e-59
8.33017 2.78292e-58 3.17995e-59
8.35517 1.2543e-58 1.39698e-59
8.38017 5.63989e-59 6.12116e-60
8.40517 2.5299e-59 2.67514e-60
8.43017 1.13215e-59 1.16608e-60
8.45517 5.05439e-60 5.06969e-61
8.48017 2.25113e-60 2.19838e-61
8.50517 1.00022e-60 9.50807e-62
8.53017 4.43364e-61 4.10157e-62
8.55517 1.9606e-61 1.76471e-62
8.58017 8.64937e-62 7.57279e-63
8.60517 3.80667e-62 3.2408e-63
8.63017 1.67137e-62 1.38235e-63
8.65517 7.32092e-63 5.85856e-64
8.68017 3.19908e-63 2.42282e-64
8.70517 1.3946e-63 8.71153e-65
8.73017 6.06514e-64 0
8.75517 2.78307e-320 2.78307e-320
