-8.79483 5.74169e-52 4.1915e-53
-8.76983 1.12616e-51 1.05109e-52
-8.74483 2.20456e-51 2.21457e-52
-8.71983 4.30734e-51 4.49199e-52
-8.69483 8.39967e-51 9.01524e-52
-8.66983 1.63486e-50 1.80174e-51
-8.64483 3.17587e-50 3.59134e-51
-8.61983 6.15757e-50 7.14228e-51
-8.59483 1.19158e-49 1.41734e-50
-8.56983 2.30143e-49 2.80658e-50
-8.54483 4.4365e-49 5.54563e-50
-8.51983 8.53585e-49 1.09344e-49
-8.49483 1.63915e-48 2.15135e-49
-8.46983 3.14162e-48 4.22377e-49
-8.44483 6.00973e-48 8.27487e-49
-8.41983 1.14742e-47 1.61769e-48
-8.39483 2.18651e-47 3.15576e-48
-8.36983 4.1586e-47 6.14308e-48
-8.34483 7.89418e-47 1.19328e-47
-8.31983 1.49566e-46 2.313e-47
-8.29483 2.82828e-46 4.47388e-47
-8.26983 5.33798e-46 8.63513e-47
-8.24483 1.00553e-45 1.66315e-46
-8.21983 1.89052e-45 3.19646e-46
-8.19483 3.54756e-45 6.13037e-46
-8.16983 6.64422e-45 1.17323e-45
-8.14483 1.242e-44 2.24056e-45
-8.11983 2.31721e-44 4.26982e-45
-8.09483 4.31494e-44 8.11977e-45
-8.06983 8.01951e-44 1.54084e-44
-8.04483 1.4876e-43 2.91779e-44
-8.01983 2.75416e-43 5.51354e-44
-7.99483 5.08928e-43 1.03965e-43
-7.96983 9.38619e-43 1.95628e-43
-7.94483 1.72777e-42 3.67328e-43
-7.91983 3.1743e-42 6.88276e-43
-7.89483 5.82071e-42 1.28693e-42
-7.86983 1.06529e-41 2.40121e-42
-7.84483 1.94592e-41 4.47087e-42
-7.81983 3.54769e-41 8.30689e-42
-7.79483 6.45553e-41 1.54018e-41
-7.76983 1.17242e-40 2.84964e-41
-7.74483 2.12519e-40 5.26135e-41
-7.71983 3.84485e-40 9.69373e-41
-7.69483 6.94264e-40 1.78227e-40
-7.66983 1.25122e-39 3.26996e-40
-7.64483 2.25066e-39 5.98689e-40
-7.61983 4.04064e-39 1.09383e-39
-7.59483 7.24028e-39 1.99429e-39
-7.56983 1.29487e-38 3.62842e-39
-7.54483 2.31132e-38 6.58774e-39
-7.51983 4.11774e-38 1.19357e-38
-7.49483 7.32188e-38 2.15799e-38
-7.46983 1.29943e-37 3.89355e-38
-7.44483 2.30168e-37 7.01025e-38
-7.41983 4.06915e-37 1.25955e-37
-7.39483 7.18004e-37 2.25834e-37
-7.36983 1.26449e-36 4.04071e-37
-7.34483 2.22263e-36 7.21475e-37
-7.31983 3.89929e-36 1.28552e-36
-7.29483 6.82761e-36 2.28578e-36
-7.26983 1.19321e-35 4.05588e-36
-7.24483 2.08127e-35 7.18177e-36
-7.21983 3.62331e-35 1.26904e-35
-7.19483 6.29575e-35 2.23778e-35
-7.16983 1.09183e-34 3.93782e-35
-7.14483 1.88984e-34 6.91502e-35
-7.11983 3.26484e-34 1.2118e-34
-7.09483 5.62941e-34 2.11917e-34
-7.06983 9.68788e-34 3.69829e-34
-7.04483 1.66402e-33 6.44075e-34
-7.01983 2.8527e-33 1.11937e-33
-6.99483 4.88108e-33 1.94138e-33
-6.96983 8.33568e-33 3.36007e-33
-6.94483 1.42079e-32 5.80349e-33
-6.91983 2.41705e-32 1.0003e-32
-6.89483 4.10398e-32 1.72059e-32
-6.86983 6.95489e-32 2.95344e-32
-6.84483 1.17636e-31 5.05919e-32
-6.81983 1.98588e-31 8.64844e-32
-6.79483 3.34605e-31 1.47537e-31
-6.76983 5.627e-31 2.51169e-31
-6.74483 9.44463e-31 4.26716e-31
-6.71983 1.58219e-30 7.23465e-31
-6.69483 2.64543e-30 1.22406e-30
-6.66983 4.41469e-30 2.06678e-30
-6.64483 7.35305e-30 3.48251e-30
-6.61983 1.22236e-29 5.85596e-30
-6.59483 2.02814e-29 9.82682e-30
-6.56983 3.35862e-29 1.64564e-29
-6.54483 5.55121e-29 2.75022e-29
-6.51983 9.15756e-29 4.58679e-29
-6.49483 1.50777e-28 7.63413e-29
-6.46983 2.47775e-28 1.268e-28
-6.44483 4.06391e-28 2.10181e-28
-6.41983 6.65267e-28 3.47676e-28
-6.39483 1.08696e-27 5.73944e-28
-6.36983 1.77253e-27 9.4553e-28
-6.34483 2.88495e-27 1.55451e-27
-6.31983 4.6865e-27 2.5505e-27
-6.29483 7.59844e-27 4.17608e-27
-6.26983 1.2296e-26 6.8238e-27
-6.24483 1.98595e-26 1.11275e-26
-6.21983 3.20139e-26 1.81085e-26
-6.19483 5.15079e-26 2.94092e-26
-6.16983 8.27129e-26 4.76649e-26
-6.14483 1.32568e-25 7.70957e-26
-6.11983 2.12064e-25 1.24445e-25
-6.09483 3.38579e-25 2.00466e-25
-6.06983 5.39534e-25 3.2227e-25
-6.04483 8.5811e-25 5.17031e-25
-6.01983 1.36217e-24 8.27811e-25
-5.99483 2.15816e-24 1.32271e-24
-5.96983 3.41273e-24 2.10918e-24
-5.94483 5.38623e-24 3.35647e-24
-5.91983 8.48463e-24 5.33054e-24
-5.89483 1.33397e-23 8.44849e-24
-5.86983 2.09326e-23 1.33631e-23
-5.84483 3.27842e-23 2.10937e-23
-5.81983 5.12473e-23 3.32294e-23
-5.79483 7.99545e-23 5.22409e-23
-5.76983 1.24503e-22 8.19636e-23
-5.74483 1.935e-22 1.28337e-22
-5.71983 3.00156e-22 2.00543e-22
-5.69483 4.64706e-22 3.1274e-22
-5.66983 7.18082e-22 4.86724e-22
-5.64483 1.10748e-21 7.55972e-22
-5.61983 1.70475e-21 1.1718e-21
-5.59483 2.61909e-21 1.81268e-21
-5.56983 4.01611e-21 2.79844e-21
-5.54483 6.14646e-21 4.31156e-21
-5.51983 9.3888e-21 6.62946e-21
-5.49483 1.43139e-20 1.0173e-20
-5.46983 2.17808e-20 1.55791e-20
-5.44483 3.3079e-20 2.38102e-20
-5.41983 5.01415e-20 3.63171e-20
-5.39483 7.58588e-20 5.52822e-20
-5.36983 1.14546e-19 8.3982e-20
-5.34483 1.72631e-19 1.27325e-19
-5.31983 2.5967e-19 1.92651e-19
-5.29483 3.89843e-19 2.90908e-19
-5.26983 5.84147e-19 4.38399e-19
-5.24483 8.73614e-19 6.59344e-19
-5.21983 1.30401e-18 9.89653e-19
-5.19483 1.94272e-18 1.48246e-18
-5.16983 2.8887e-18 2.21623e-18
-5.14483 4.28705e-18 3.30656e-18
-5.11983 6.3501e-18 4.92343e-18
-5.09483 9.38788e-18 7.31627e-18
-5.06983 1.38522e-17 1.08503e-17
-5.04483 2.04002e-17 1.60594e-17
-5.01983 2.99858e-17 2.37217e-17
-4.99483 4.39908e-17 3.497e-17
-4.96983 6.44129e-17 5.14491e-17
-4.94483 9.41344e-17 7.55427e-17
-4.91983 1.37306e-16 1.10698e-16
-4.89483 1.99891e-16 1.61891e-16
-4.86983 2.90445e-16 2.36286e-16
-4.84483 4.2121e-16 3.44181e-16
-4.81983 6.09675e-16 5.00347e-16
-4.79483 8.8077e-16 7.25922e-16
-4.76983 1.26997e-15 1.0511e-15
-4.74483 1.82762e-15 1.51891e-15
-4.71983 2.62509e-15 2.19058e-15
-4.69483 3.7633e-15 3.15297e-15
-4.66983 5.38465e-15 4.52915e-15
-4.64483 7.68972e-15 6.49308e-15
-4.61983 1.09605e-14 9.29014e-15
-4.59483 1.55924e-14 1.32657e-14
-4.56983 2.21391e-14 1.8905e-14
-4.54483 3.13742e-14 2.68881e-14
-4.51983 4.43761e-14 3.81665e-14
-4.49483 6.26458e-14 5.40683e-14
-4.46983 8.82671e-14 7.64438e-14
-4.44483 1.24128e-13 1.07865e-13
-4.41983 1.74224e-13 1.519e-13
-4.39483 2.44067e-13 2.13489e-13
-4.36983 3.41252e-13 2.99456e-13
-4.34483 4.76219e-13 4.19208e-13
-4.31983 6.63289e-13 5.8569e-13
-4.29483 9.22069e-13 8.16669e-13
-4.26983 1.27935e-12 1.13649e-12
-4.24483 1.77166e-12 1.57844e-12
-4.21983 2.4487e-12 2.18791e-12
-4.19483 3.37796e-12 3.02673e-12
-4.16983 4.65093e-12 4.17889e-12
-4.14483 6.3913e-12 5.75825e-12
-4.11983 8.76605e-12 7.91885e-12
-4.09483 1.20001e-11 1.08687e-11
-4.06983 1.63956e-11 1.4888e-11
-4.04483 2.23582e-11 2.03534e-11
-4.01983 3.04306e-11 2.77704e-11
-3.99483 4.1338e-11 3.78157e-11
-3.96983 5.6047e-11 5.13933e-11
-3.94483 7.58439e-11 6.97084e-11
-3.91983 1.02436e-10 9.43644e-11
-3.89483 1.38087e-10 1.2749e-10
-3.86983 1.85787e-10 1.71906e-10
-3.84483 2.49484e-10 2.3134e-10
-3.81983 3.34375e-10 3.1071e-10
-3.79483 4.47292e-10 4.16492e-10
-3.76983 5.97191e-10 5.57192e-10
-3.74483 7.95793e-10 7.43959e-10
-3.71983 1.05841e-09 9.91381e-10
-3.69483 1.40497e-09 1.3185e-09
-3.66983 1.86144e-09 1.75011e-09
-3.64483 2.46148e-09 2.31845e-09
-3.61983 3.24868e-09 3.06534e-09
-3.59483 4.2794e-09 4.04491e-09
-3.56983 5.6263e-09 5.32704e-09
-3.54483 7.38292e-09 7.00184e-09
-3.51983 9.66938e-09 9.18517e-09
-3.49483 1.26396e-08 1.20257e-08
-3.46983 1.64905e-08 1.57139e-08
-3.44483 2.14733e-08 2.04931e-08
-3.41983 2.79079e-08 2.66735e-08
-3.39483 3.62011e-08 3.46499e-08
-3.36983 4.68685e-08 4.49236e-08
-3.34483 6.05626e-08 5.81296e-08
-3.31983 7.81076e-08 7.50708e-08
-3.29483 1.00542e-07 9.67599e-08
-3.26983 1.29171e-07 1.24472e-07
-3.24483 1.65634e-07 1.59808e-07
-3.21983 2.11981e-07 2.04774e-07
-3.19483 2.70775e-07 2.61882e-07
-3.16983 3.45213e-07 3.34262e-07
-3.14483 4.39268e-07 4.25814e-07
-3.11983 5.57875e-07 5.41385e-07
-3.09483 7.07146e-07 6.86981e-07
-3.06983 8.94635e-07 8.70034e-07
-3.04483 1.12966e-06 1.09972e-06
-3.01983 1.42369e-06 1.38732e-06
-2.99483 1.79079e-06 1.74674e-06
-2.96983 2.24823e-06 2.19499e-06
-2.94483 2.8171e-06 2.7529e-06
-2.91983 3.52313e-06 3.4459e-06
-2.89483 4.39763e-06 4.30495e-06
-2.86983 5.47866e-06 5.3677e-06
-2.84483 6.81232e-06 6.67979e-06
-2.81983 8.45434e-06 8.29645e-06
-2.79483 1.0472e-05 1.02843e-05
-2.76983 1.29463e-05 1.27238e-05
-2.74483 1.59744e-05 1.57112e-05
-2.71983 1.96729e-05 1.93624e-05
-2.69483 2.41812e-05 2.38158e-05
-2.66983 2.96655e-05 2.92366e-05
-2.64483 3.63237e-05 3.58215e-05
-2.61983 4.43909e-05 4.38043e-05
-2.59483 5.41455e-05 5.34621e-05
-2.56983 6.59167e-05 6.51227e-05
-2.54483 8.00929e-05 7.91726e-05
-2.51983 9.71308e-05 9.6067e-05
-2.49483 0.000117567 0.00011634
-2.46983 0.000142029 0.000140619
-2.44483 0.000171252 0.000169635
-2.41983 0.00020609 0.000204241
-2.39483 0.000247539 0.000245431
-2.36983 0.000296753 0.000294356
-2.34483 0.000355068 0.00035235
-2.31983 0.000424027 0.000420954
-2.29483 0.000505405 0.00050194
-2.26983 0.000601244 0.00059735
-2.24483 0.000713883 0.000709518
-2.21983 0.000845995 0.000841118
-2.19483 0.00100063 0.000995198
-2.16983 0.00118125 0.00117522
-2.14483 0.00139181 0.00138513
-2.11983 0.00163674 0.00162937
-2.09483 0.00192107 0.00191298
-2.06983 0.00225047 0.0022416
-2.04483 0.00263128 0.0026216
-2.01983 0.00307063 0.0030601
-1.99483 0.00357644 0.00356503
-1.96983 0.00415757 0.00414526
-1.94483 0.00482385 0.00481061
-1.91983 0.00558614 0.00557197
-1.89483 0.00645648 0.00644137
-1.86983 0.00744807 0.00743204
-1.84483 0.00857545 0.00855852
-1.81983 0.0098545 0.00983672
-1.79483 0.0113026 0.011284
-1.76983 0.0129385 0.0129192
-1.74483 0.0147828 0.0147629
-1.71983 0.0168575 0.0168371
-1.69483 0.0191865 0.0191657
-1.66983 0.0217953 0.0217742
-1.64483 0.0247112 0.0246901
-1.61983 0.0279634 0.0279425
-1.59483 0.0315829 0.0315624
-1.56983 0.0356023 0.0355825
-1.54483 0.0400561 0.0400373
-1.51983 0.0449805 0.0449629
-1.49483 0.0504133 0.0503973
-1.46983 0.0563936 0.0563797
-1.44483 0.0629622 0.0629506
-1.41983 0.0701609 0.070152
-1.39483 0.0780324 0.0780266
-1.36983 0.0866202 0.086618
-1.34483 0.0959685 0.0959702
-1.31983 0.106121 0.106127
-1.29483 0.117123 0.117134
-1.26983 0.129017 0.129033
-1.24483 0.141845 0.141867
-1.21983 0.15565 0.155677
-1.19483 0.170469 0.170503
-1.16983 0.186341 0.186381
-1.14483 0.2033 0.203346
-1.11983 0.221376 0.221428
-1.09483 0.240595 0.240655
-1.06983 0.260982 0.261048
-1.04483 0.282551 0.282624
-1.01983 0.305316 0.305395
-0.994826 0.32928 0.329366
-0.969826 0.354444 0.354535
-0.944826 0.380797 0.380894
-0.919826 0.408324 0.408425
-0.894826 0.437 0.437105
-0.869826 0.466791 0.466899
-0.844826 0.497655 0.497765
-0.819826 0.52954 0.529652
-0.794826 0.562385 0.562497
-0.769826 0.596121 0.596232
-0.744826 0.630666 0.630775
-0.719826 0.665931 0.666037
-0.694826 0.701817 0.701919
-0.669826 0.738215 0.738312
-0.644826 0.77501 0.7751
-0.619826 0.812076 0.812158
-0.594826 0.849279 0.849352
-0.569826 0.88648 0.886544
-0.544826 0.923534 0.923585
-0.519826 0.960287 0.960327
-0.494826 0.996585 0.996611
-0.469826 1.03227 1.03228
-0.444826 1.06717 1.06717
-0.419826 1.10114 1.10112
-0.394826 1.13401 1.13397
-0.369826 1.16561 1.16556
-0.344826 1.19579 1.19573
-0.319826 1.2244 1.22432
-0.294826 1.25128 1.25118
-0.269826 1.27629 1.27619
-0.244826 1.29931 1.29919
-0.219826 1.32019 1.32006
-0.194826 1.33884 1.3387
-0.169826 1.35514 1.35499
-0.144826 1.369 1.36884
-0.119826 1.38035 1.38018
-0.094826 1.38912 1.38895
-0.069826 1.39526 1.39508
-0.044826 1.39874 1.39856
-0.019826 1.39952 1.39934
0.00517395 1.39762 1.39744
0.030174 1.39304 1.39287
0.055174 1.38581 1.38564
0.080174 1.37597 1.3758
0.105174 1.36357 1.36341
0.130174 1.34868 1.34853
0.155174 1.3314 1.33126
0.180174 1.31181 1.31169
0.205174 1.29003 1.28992
0.230174 1.26617 1.26607
0.255174 1.24037 1.24028
0.280174 1.21276 1.21268
0.305174 1.18348 1.18342
0.330174 1.15269 1.15265
0.355174 1.12055 1.12052
0.380174 1.08721 1.0872
0.405174 1.05283 1.05283
0.430174 1.01758 1.0176
0.455174 0.981626 0.981658
0.480174 0.945121 0.945165
0.505174 0.908224 0.908281
0.530174 0.871092 0.871159
0.555174 0.833872 0.833949
0.580174 0.796709 0.796795
0.605174 0.75974 0.759833
0.630174 0.723094 0.723194
0.655174 0.686894 0.686999
0.680174 0.651253 0.651361
0.705174 0.616274 0.616385
0.730174 0.582054 0.582166
0.755174 0.548678 0.54879
0.780174 0.516222 0.516333
0.805174 0.484753 0.484862
0.830174 0.454327 0.454434
0.855174 0.424993 0.425096
0.880174 0.39679 0.396888
0.905174 0.369746 0.36984
0.930174 0.343883 0.343972
0.955174 0.319215 0.319298
0.980174 0.295748 0.295824
1.00517 0.273479 0.273549
1.03017 0.252401 0.252464
1.05517 0.2325 0.232557
1.08017 0.213756 0.213807
1.10517 0.196147 0.19619
1.13017 0.179642 0.179679
1.15517 0.16421 0.16424
1.18017 0.149815 0.14984
1.20517 0.136419 0.136438
1.23017 0.123983 0.123996
1.25517 0.112463 0.112472
1.28017 0.101819 0.101823
1.30517 0.092004 0.0920041
1.33017 0.0829759 0.0829721
1.35517 0.0746898 0.0746827
1.38017 0.0671021 0.067092
1.40517 0.0601694 0.0601567
1.43017 0.0538493 0.0538344
1.45517 0.0481004 0.0480838
1.48017 0.0428827 0.0428646
1.50517 0.0381576 0.0381383
1.53017 0.0338879 0.0338678
1.55517 0.0300381 0.0300174
1.58017 0.0265746 0.0265536
1.60517 0.0234652 0.0234441
1.63017 0.0206798 0.0206588
1.65517 0.0181901 0.0181694
1.68017 0.0159693 0.0159491
1.70517 0.0139928 0.0139731
1.73017 0.0122373 0.0122183
1.75517 0.0106815 0.0106633
1.78017 0.0093056 0.00928817
1.80517 0.00809135 0.00807479
1.83017 0.00702202 0.00700638
1.85517 0.00608231 0.00606759
1.88017 0.00525823 0.00524444
1.90517 0.00453707 0.00452421
1.93017 0.00390729 0.00389535
1.95517 0.00335847 0.00334743
1.98017 0.00288119 0.00287101
2.00517 0.00246698 0.00245765
2.03017 0.00210827 0.00209973
2.05517 0.00179825 0.00179047
2.08017 0.00153088 0.00152381
2.10517 0.00130075 0.00129435
2.13017 0.0011031 0.00109732
2.15517 0.000933679 0.000928483
2.18017 0.000788763 0.000784103
2.20517 0.000665059 0.000660893
2.23017 0.000559678 0.000555966
2.25517 0.000470091 0.000466792
2.28017 0.000394085 0.000391163
2.30517 0.000329733 0.000327152
2.33017 0.00027536 0.000273086
2.35517 0.000229511 0.000227513
2.38017 0.000190928 0.000189179
2.40517 0.000158527 0.000156998
2.43017 0.000131371 0.00013004
2.45517 0.000108658 0.000107501
2.48017 8.96989e-05 8.86968e-05
2.50517 7.39058e-05 7.30398e-05
2.53017 6.07764e-05 6.00299e-05
2.55517 4.98834e-05 4.92417e-05
2.58017 4.08641e-05 4.03138e-05
2.60517 3.34112e-05 3.29406e-05
2.63017 2.72651e-05 2.68636e-05
2.65517 2.22069e-05 2.18652e-05
2.68017 1.80523e-05 1.77623e-05
2.70517 1.46468e-05 1.44012e-05
2.73017 1.18609e-05 1.16535e-05
2.75517 9.58644e-06 9.41168e-06
2.78017 7.73325e-06 7.58635e-06
2.80517 6.22632e-06 6.10315e-06
2.83017 5.0034e-06 4.90037e-06
2.85517 4.01295e-06 3.92698e-06
2.88017 3.21239e-06 3.14082e-06
2.90517 2.56659e-06 2.50715e-06
2.93017 2.04668e-06 1.99744e-06
2.95517 1.62895e-06 1.58825e-06
2.98017 1.29399e-06 1.26043e-06
3.00517 1.02593e-06 9.9832e-07
3.03017 8.11841e-07 7.89178e-07
3.05517 6.41192e-07 6.22634e-07
3.08017 5.05441e-07 4.90279e-07
3.10517 3.97665e-07 3.85307e-07
3.13017 3.12269e-07 3.02219e-07
3.15517 2.44741e-07 2.36586e-07
3.18017 1.91447e-07 1.84845e-07
3.20517 1.4947e-07 1.44138e-07
3.23017 1.16473e-07 1.12176e-07
3.25517 9.0586e-08 8.71314e-08
3.28017 7.03172e-08 6.75459e-08
3.30517 5.44788e-08 5.22605e-08
3.33017 4.21267e-08 4.03552e-08
3.35517 3.25127e-08 3.11011e-08
3.38017 2.50445e-08 2.39222e-08
3.40517 1.92547e-08 1.83644e-08
3.43017 1.4775e-08 1.40703e-08
3.45517 1.13157e-08 1.07591e-08
3.48017 8.6497e-09 8.21108e-09
3.50517 6.59911e-09 6.25422e-09
3.53017 5.02498e-09 4.75439e-09
3.55517 3.81899e-09 3.60715e-09
3.58017 2.89685e-09 2.73138e-09
3.60517 2.19316e-09 2.06418e-09
3.63017 1.65721e-09 1.55691e-09
3.65517 1.24983e-09 1.17199e-09
3.68017 9.40782e-10 8.80506e-10
3.70517 7.06792e-10 6.60219e-10
3.73017 5.2998e-10 4.94072e-10
3.75517 3.96635e-10 3.69011e-10
3.78017 2.96271e-10 2.75064e-10
3.80517 2.20877e-10 2.04633e-10
3.83017 1.64353e-10 1.51937e-10
3.85517 1.22059e-10 1.12589e-10
3.88017 9.04743e-11 8.32669e-11
3.90517 6.6934e-11 6.14603e-11
3.93017 4.94234e-11 4.52754e-11
3.95517 3.64237e-11 3.3287e-11
3.98017 2.67916e-11 2.44248e-11
4.00517 1.96689e-11 1.78867e-11
4.03017 1.4412e-11 1.3073e-11
4.05517 1.05399e-11 9.5359e-12
4.08017 7.69325e-12 6.94212e-12
4.10517 5.60467e-12 5.04388e-12
4.13017 4.07525e-12 3.65747e-12
4.15517 2.95749e-12 2.64691e-12
4.18017 2.14219e-12 1.91179e-12
4.20517 1.54866e-12 1.3781e-12
4.23017 1.11743e-12 9.91437e-13
4.25517 8.04729e-13 7.11852e-13
4.28017 5.7842e-13 5.101e-13
4.30517 4.14955e-13 3.64806e-13
4.33017 2.97115e-13 2.60381e-13
4.35517 2.12331e-13 1.85479e-13
4.38017 1.51449e-13 1.31863e-13
4.40517 1.07816e-13 9.35596e-14
4.43017 7.66064e-14 6.62512e-14
4.45517 5.43266e-14 4.68207e-14
4.48017 3.84525e-14 3.30233e-14
4.50517 2.71645e-14 2.32457e-14
4.53017 1.91533e-14 1.63306e-14
4.55517 1.34787e-14 1.14498e-14
4.58017 9.46718e-15 8.01186e-15
4.60517 6.63677e-15 5.59506e-15
4.63017 4.64363e-15 3.89954e-15
4.65517 3.24283e-15 2.71243e-15
4.68017 2.26024e-15 1.88296e-15
4.70517 1.57235e-15 1.30454e-15
4.73017 1.09172e-15 9.02007e-16
4.75517 7.56545e-16 6.22441e-16
4.78017 5.23269e-16 4.28668e-16
4.80517 3.61226e-16 2.94631e-16
4.83017 2.48885e-16 2.02102e-16
4.85517 1.71152e-16 1.38356e-16
4.88017 1.17471e-16 9.45272e-17
4.90517 8.04723e-17 6.4454e-17
4.93017 5.50206e-17 4.38608e-17
4.95517 3.75464e-17 2.97876e-17
4.98017 2.55727e-17 2.01896e-17
5.00517 1.7384e-17 1.36568e-17
5.03017 1.17947e-17 9.21947e-18
5.05517 7.98714e-18 6.21144e-18
5.08017 5.39832e-18 4.17648e-18
5.10517 3.64159e-18 2.80259e-18
5.13017 2.45182e-18 1.87689e-18
5.15517 1.6476e-18 1.25443e-18
5.18017 1.10504e-18 8.36731e-19
5.20517 7.39724e-19 5.56998e-19
5.23017 4.94227e-19 3.70042e-19
5.25517 3.2957e-19 2.45345e-19
5.28017 2.19348e-19 1.62342e-19
5.30517 1.45708e-19 1.07205e-19
5.33017 9.66052e-20 7.0652e-20
5.35517 6.39266e-20 4.64688e-20
5.38017 4.22208e-20 3.05019e-20
5.40517 2.78315e-20 1.9981e-20
5.43017 1.8311e-20 1.30628e-20
5.45517 1.20241e-20 8.52272e-21
5.48017 7.88056e-21 5.54941e-21
5.50517 5.15498e-21 3.60613e-21
5.53017 3.36559e-21 2.33862e-21
5.55517 2.19311e-21 1.51357e-21
5.58017 1.42634e-21 9.77621e-22
5.60517 9.25877e-22 6.30176e-22
5.63017 5.99856e-22 4.05393e-22
5.65517 3.87887e-22 2.60264e-22
5.68017 2.50339e-22 1.66753e-22
5.70517 1.61256e-22 1.06625e-22
5.73017 1.03674e-22 6.80396e-23
5.75517 6.65254e-23 4.33299e-23
5.78017 4.26059e-23 2.75381e-23
5.80517 2.72344e-23 1.74664e-23
5.83017 1.73752e-23 1.10558e-23
5.85517 1.10639e-23 6.98392e-24
5.88017 7.03151e-24 4.40278e-24
5.90517 4.46021e-24 2.76997e-24
5.93017 2.82375e-24 1.73916e-24
5.95517 1.78428e-24 1.08975e-24
5.98017 1.12529e-24 6.8144e-25
6.00517 7.08321e-25 4.25254e-25
6.03017 4.45001e-25 2.64841e-25
6.05517 2.79034e-25 1.64604e-25
6.08017 1.74629e-25 1.02097e-25
6.10517 1.09079e-25 6.31973e-26
6.13017 6.80037e-26 3.90393e-26
6.15517 4.23143e-26 2.40669e-26
6.18017 2.62789e-26 1.48065e-26
6.20517 1.62889e-26 9.09078e-27
6.23017 1.00772e-26 5.5701e-27
6.25517 6.22235e-27 3.40595e-27
6.28017 3.83472e-27 2.07839e-27
6.30517 2.35873e-27 1.2657e-27
6.33017 1.44806e-27 7.69208e-28
6.35517 8.87277e-28 4.6652e-28
6.38017 5.42622e-28 2.82363e-28
6.40517 3.31208e-28 1.70552e-28
6.43017 2.01776e-28 1.02806e-28
6.45517 1.22688e-28 6.18427e-29
6.48017 7.44558e-29 3.71252e-29
6.50517 4.50984e-29 2.22412e-29
6.53017 2.72639e-29 1.32971e-29
6.55517 1.64505e-29 7.93353e-30
6.58017 9.90688e-30 4.72371e-30
6.60517 5.95468e-30 2.80677e-30
6.63017 3.57228e-30 1.66433e-30
6.65517 2.13893e-30 9.84868e-31
6.68017 1.27824e-30 5.81599e-31
6.70517 7.62418e-31 3.42748e-31
6.73017 4.53878e-31 2.01573e-31
6.75517 2.6968e-31 1.18303e-31
6.78017 1.59928e-31 6.92888e-32
6.80517 9.46596e-32 4.04981e-32
6.83017 5.59203e-32 2.36217e-32
6.85517 3.29716e-32 1.37496e-32
6.88017 1.94032e-32 7.98681e-33
6.90517 1.13966e-32 4.62976e-33
6.93017 6.68094e-33 2.67822e-33
6.95517 3.90901e-33 1.54609e-33
6.98017 2.28276e-33 8.9069e-34
7.00517 1.33051e-33 5.12057e-34
7.03017 7.74003e-34 2.93772e-34
7.05517 4.49398e-34 1.68191e-34
7.08017 2.60426e-34 9.60935e-35
7.10517 1.50627e-34 5.47879e-35
7.13017 8.69531e-35 3.11727e-35
7.15517 5.00994e-35 1.76995e-35
7.18017 2.88101e-35 1.00288e-35
7.20517 1.65357e-35 5.6706e-36
7.23017 9.47249e-36 3.19969e-36
7.25517 5.41591e-36 1.80171e-36
7.28017 3.0906e-36 1.01241e-36
7.30517 1.76027e-36 5.67704e-37
7.33017 1.00065e-36 3.17676e-37
7.35517 5.67737e-37 1.77395e-37
7.38017 3.21498e-37 9.88531e-38
7.40517 1.81708e-37 5.49711e-38
7.43017 1.02502e-37 3.0505e-38
7.45517 5.77111e-38 1.68927e-38
7.48017 3.24302e-38 9.33516e-39
7.50517 1.81888e-38 5.14795e-39
7.53017 1.01818e-38 2.83295e-39
7.55517 5.68865e-39 1.55573e-39
7.58017 3.17219e-39 8.52547e-40
7.60517 1.76552e-39 4.66222e-40
7.63017 9.80737e-40 2.54423e-40
7.65517 5.43746e-40 1.38551e-40
7.68017 3.00888e-40 7.52923e-41
7.70517 1.6618e-40 4.083e-41
7.73017 9.16046e-41 2.20951e-41
7.75517 5.03988e-41 1.19316e-41
7.78017 2.76751e-41 6.42964e-42
7.80517 1.51678e-41 3.45749e-42
7.83017 8.29696e-42 1.85533e-42
7.85517 4.52983e-42 9.93496e-43
7.88017 2.46836e-42 5.30879e-43
7.90517 1.34246e-42 2.83079e-43
7.93017 7.28716e-43 1.50628e-43
7.95517 3.94802e-43 7.99804e-44
7.98017 2.13485e-43 4.23784e-44
8.00517 1.15217e-43 2.24072e-44
8.03017 6.20632e-44 1.18226e-44
8.05517 3.33668e-44 6.22469e-45
8.08017 1.79045e-44 3.27041e-45
8.10517 9.58896e-45 1.71462e-45
8.13017 5.12563e-45 8.97041e-46
8.15517 2.73456e-45 4.68312e-46
8.18017 1.4561e-45 2.4397e-46
8.20517 7.7386e-46 1.26828e-46
8.23017 4.10485e-46 6.57919e-47
8.25517 2.17319e-46 3.40569e-47
8.28017 1.14832e-46 1.7592e-47
8.30517 6.05607e-47 9.06775e-48
8.33017 3.18775e-47 4.66401e-48
8.35517 1.67473e-47 2.39383e-48
8.38017 8.78147e-48 1.22603e-48
8.40517 4.59574e-48 6.26592e-49
8.43017 2.40054e-48 3.19551e-49
8.45517 1.25149e-48 1.62618e-49
8.48017 6.51194e-49 8.25785e-50
8.50517 3.38188e-49 4.18444e-50
8.53017 1.75295e-49 2.1158e-50
8.55517 9.06876e-50 1.0675e-50
8.58017 4.68264e-50 5.37375e-51
8.60517 2.41322e-50 2.69793e-51
8.63017 1.24128e-50 1.34878e-51
8.65517 6.37244e-51 6.67084e-52
8.68017 3.26518e-51 3.17515e-52
8.70517 1.66984e-51 1.26879e-52
8.73017 8.52324e-52 0
8.75517 2.78307e-320 2.78307e-320
