-8.79483 9.1734e-38 1.60547e-38
-8.76983 1.49218e-37 3.61884e-38
-8.74483 2.42388e-37 6.54903e-38
-8.71983 3.93185e-37 1.11312e-37
-8.69483 6.36913e-37 1.85067e-37
-8.66983 1.03029e-36 3.04994e-37
-8.64483 1.66431e-36 5.00556e-37
-8.61983 2.68478e-36 8.19484e-37
-8.59483 4.32492e-36 1.33912e-36
-8.56983 6.95737e-36 2.18466e-36
-8.54483 1.11766e-35 3.55852e-36
-8.51983 1.79295e-35 5.78752e-36
-8.49483 2.87227e-35 9.39842e-36
-8.46983 4.59494e-35 1.52391e-35
-8.44483 7.34058e-35 2.46723e-35
-8.41983 1.17106e-34 3.98843e-35
-8.39483 1.86562e-34 6.43781e-35
-8.36983 2.968e-34 1.03758e-34
-8.34483 4.71521e-34 1.66973e-34
-8.31983 7.48059e-34 2.68299e-34
-8.29483 1.18513e-33 4.30464e-34
-8.26983 1.87498e-33 6.89605e-34
-8.24483 2.96225e-33 1.10309e-33
-8.21983 4.67351e-33 1.76184e-33
-8.19483 7.36312e-33 2.80977e-33
-8.16983 1.15845e-32 4.47427e-33
-8.14483 1.82008e-32 7.11411e-33
-8.11983 2.85561e-32 1.12945e-32
-8.09483 4.4741e-32 1.79045e-32
-8.06983 7.00017e-32 2.83404e-32
-8.04483 1.09373e-31 4.47917e-32
-8.01983 1.70649e-31 7.06869e-32
-7.99483 2.65888e-31 1.11386e-31
-7.96983 4.13703e-31 1.75255e-31
-7.94483 6.42799e-31 2.75334e-31
-7.91983 9.97376e-31 4.31918e-31
-7.89483 1.5454e-30 6.76539e-31
-7.86983 2.39121e-30 1.05812e-30
-7.84483 3.6948e-30 1.65245e-30
-7.81983 5.70115e-30 2.57676e-30
-7.79483 8.78476e-30 4.0121e-30
-7.76983 1.35174e-29 6.23765e-30
-7.74483 2.07709e-29 9.68328e-30
-7.71983 3.18724e-29 1.50099e-29
-7.69483 4.88393e-29 2.32319e-29
-7.66983 7.47346e-29 3.59043e-29
-7.64483 1.14201e-28 5.54065e-29
-7.61983 1.74267e-28 8.53747e-29
-7.59483 2.65557e-28 1.31357e-28
-7.56983 4.04108e-28 2.01804e-28
-7.54483 6.14092e-28 3.09572e-28
-7.51983 9.31893e-28 4.74186e-28
-7.49483 1.4122e-27 7.25255e-28
-7.46983 2.13709e-27 1.10762e-27
-7.44483 3.22957e-27 1.68905e-27
-7.41983 4.87377e-27 2.5719e-27
-7.39483 7.34484e-27 3.91039e-27
-7.36983 1.10534e-26 5.93669e-27
-7.34483 1.66114e-26 8.99963e-27
-7.31983 2.49295e-26 1.36227e-26
-7.29483 3.73609e-26 2.05901e-26
-7.26983 5.59138e-26 3.10751e-26
-7.24483 8.35635e-26 4.683e-26
-7.21983 1.24713e-25 7.04683e-26
-7.19483 1.85867e-25 1.05882e-25
-7.16983 2.76624e-25 1.58859e-25
-7.14483 4.11127e-25 2.3799e-25
-7.11983 6.10179e-25 3.56012e-25
-7.09483 9.04349e-25 5.31779e-25
-7.06983 1.33848e-24 7.93154e-25
-7.04483 1.97826e-24 1.18126e-24
-7.01983 2.9198e-24 1.75668e-24
-6.99483 4.30347e-24 2.60856e-24
-6.96983 6.33405e-24 3.86785e-24
-6.94483 9.30981e-24 5.72666e-24
-6.91983 1.36646e-23 8.4663e-24
-6.89483 2.00286e-23 1.24982e-23
-6.86983 2.93157e-23 1.84232e-23
-6.84483 4.28496e-23 2.71172e-23
-6.81983 6.25447e-23 3.98553e-23
-6.79483 9.11656e-23 5.84913e-23
-6.76983 1.32699e-22 8.57154e-23
-6.74483 1.92887e-22 1.25427e-22
-6.71983 2.79984e-22 1.83268e-22
-6.69483 4.05845e-22 2.6739e-22
-6.66983 5.87469e-22 3.89555e-22
-6.64483 8.49193e-22 5.66704e-22
-6.61983 1.22581e-21 8.23207e-22
-6.59483 1.76701e-21 1.19406e-21
-6.56983 2.54361e-21 1.72946e-21
-6.54483 3.65645e-21 2.50126e-21
-6.51983 5.24886e-21 3.6122e-21
-6.49483 7.52431e-21 5.20898e-21
-6.46983 1.07712e-20 7.50064e-21
-6.44483 1.53979e-20 1.07848e-20
-6.41983 2.19813e-20 1.54843e-20
-6.39483 3.1336e-20 2.21992e-20
-6.36983 4.46097e-20 3.17798e-20
-6.34483 6.3418e-20 4.54288e-20
-6.31983 9.00311e-20 6.48456e-20
-6.29483 1.27635e-19 9.24266e-20
-6.26983 1.80694e-19 1.31547e-19
-6.24483 2.55454e-19 1.86954e-19
-6.21983 3.60645e-19 2.65312e-19
-6.19483 5.08445e-19 3.75964e-19
-6.16983 7.15821e-19 5.31993e-19
-6.14483 1.00638e-18 7.51683e-19
-6.11983 1.41292e-18 1.06056e-18
-6.09483 1.98092e-18 1.49417e-18
-6.06983 2.77342e-18 2.10203e-18
-6.04483 3.87758e-18 2.95289e-18
-6.01983 5.4138e-18 4.14216e-18
-5.99483 7.54815e-18 5.80197e-18
-5.96983 1.05093e-17 8.11514e-18
-5.94483 1.46119e-17 1.13341e-17
-5.91983 2.02879e-17 1.5807e-17
-5.89483 2.81295e-17 2.20133e-17
-5.86983 3.89479e-17 3.06119e-17
-5.84483 5.38522e-17 4.25078e-17
-5.81983 7.43567e-17 5.89412e-17
-5.79483 1.02526e-16 8.16096e-17
-5.76983 1.4117e-16 1.12833e-16
-5.74483 1.9411e-16 1.55777e-16
-5.71983 2.66534e-16 2.14756e-16
-5.69483 3.65471e-16 2.95638e-16
-5.66983 5.00437e-16 4.06395e-16
-5.64483 6.84295e-16 5.57841e-16
-5.61983 9.34402e-16 7.6462e-16
-5.59483 1.27415e-15 1.04654e-15
-5.56983 1.73502e-15 1.43034e-15
-5.54483 2.35932e-15 1.95208e-15
-5.51983 3.20379e-15 2.66031e-15
-5.49483 4.34449e-15 3.62026e-15
-5.46983 5.88316e-15 4.91953e-15
-5.44483 7.95571e-15 6.67547e-15
-5.41983 1.07435e-14 9.04516e-15
-5.39483 1.44879e-14 1.22385e-14
-5.36983 1.95103e-14 1.65353e-14
-5.34483 2.62374e-14 2.23087e-14
-5.31983 3.52349e-14 3.00548e-14
-5.29483 4.72522e-14 4.04323e-14
-5.26983 6.32802e-14 5.43151e-14
-5.24483 8.46273e-14 7.28601e-14
-5.21983 1.13019e-13 9.75968e-14
-5.19483 1.50725e-13 1.30545e-13
-5.16983 2.00733e-13 1.74365e-13
-5.14483 2.66962e-13 2.32562e-13
-5.11983 3.54549e-13 3.09738e-13
-5.09483 4.70219e-13 4.11936e-13
-5.06983 6.2276e-13 5.4707e-13
-5.04483 8.23641e-13 7.25495e-13
-5.01983 1.08781e-12 9.60736e-13
-4.99483 1.43471e-12 1.27044e-12
-4.96983 1.8896e-12 1.67757e-12
-4.94483 2.48528e-12 2.21202e-12
-4.91983 3.2642e-12 2.91256e-12
-4.89483 4.28129e-12 3.82949e-12
-4.86983 5.60751e-12 5.02791e-12
-4.84483 7.33435e-12 6.59194e-12
-4.81983 9.57967e-12 8.63016e-12
-4.79483 1.2495e-11 1.12825e-11
-4.76983 1.62749e-11 1.4729e-11
-4.74483 2.11688e-11 1.92008e-11
-4.71983 2.74962e-11 2.49947e-11
-4.69483 3.56653e-11 3.24906e-11
-4.66983 4.61971e-11 4.21743e-11
-4.64483 5.9756e-11 5.46663e-11
-4.61983 7.71871e-11 7.07575e-11
-4.59483 9.95645e-11 9.14551e-11
-4.56983 1.28251e-10 1.18039e-10
-4.54483 1.64974e-10 1.52133e-10
-4.51983 2.11917e-10 1.95796e-10
-4.49483 2.71839e-10 2.51633e-10
-4.46983 3.48222e-10 3.22934e-10
-4.44483 4.45448e-10 4.1385e-10
-4.41983 5.6903e-10 5.29608e-10
-4.39483 7.25888e-10 6.76782e-10
-4.36983 9.24699e-10 8.63628e-10
-4.34483 1.17633e-09 1.10049e-09
-4.31983 1.49435e-09 1.40034e-09
-4.29483 1.89572e-09 1.77935e-09
-4.26983 2.40156e-09 2.25773e-09
-4.24483 3.03815e-09 2.86068e-09
-4.21983 3.83814e-09 3.6195e-09
-4.19483 4.84206e-09 4.57313e-09
-4.16983 6.10009e-09 5.76982e-09
-4.14483 7.6743e-09 7.26936e-09
-4.11983 9.64135e-09 9.14564e-09
-4.09483 1.20958e-08 1.14899e-08
-4.06983 1.5154e-08 1.44147e-08
-4.04483 1.89591e-08 1.80584e-08
-4.01983 2.36866e-08 2.25911e-08
-3.99483 2.9552e-08 2.82216e-08
-3.96983 3.68186e-08 3.52056e-08
-3.94483 4.58083e-08 4.38558e-08
-3.91983 5.69139e-08 5.45543e-08
-3.89483 7.06137e-08 6.77667e-08
-3.86983 8.74896e-08 8.40602e-08
-3.84483 1.08248e-07 1.04124e-07
-3.81983 1.33746e-07 1.28795e-07
-3.79483 1.65021e-07 1.59086e-07
-3.76983 2.03327e-07 1.96223e-07
-3.74483 2.50176e-07 2.4169e-07
-3.71983 3.07394e-07 2.97271e-07
-3.69483 3.77172e-07 3.65118e-07
-3.66983 4.62149e-07 4.47818e-07
-3.64483 5.65485e-07 5.48476e-07
-3.61983 6.90966e-07 6.70813e-07
-3.59483 8.43119e-07 8.19281e-07
-3.56983 1.02735e-06 9.99199e-07
-3.54483 1.2501e-06 1.21691e-06
-3.51983 1.51903e-06 1.47998e-06
-3.49483 1.84326e-06 1.79737e-06
-3.46983 2.23359e-06 2.17977e-06
-3.44483 2.70282e-06 2.6398e-06
-3.41983 3.26608e-06 3.19242e-06
-3.39483 3.94125e-06 3.85529e-06
-3.36983 4.74939e-06 4.64926e-06
-3.34483 5.71529e-06 5.59886e-06
-3.31983 6.86809e-06 6.73293e-06
-3.29483 8.24195e-06 8.08534e-06
-3.26983 9.87691e-06 9.69575e-06
-3.24483 1.18198e-05 1.16106e-05
-3.21983 1.41252e-05 1.38841e-05
-3.19483 1.68568e-05 1.65794e-05
-3.16983 2.00888e-05 1.97702e-05
-3.14483 2.39072e-05 2.3542e-05
-3.11983 2.84119e-05 2.7994e-05
-3.09483 3.37186e-05 3.32412e-05
-3.06983 3.99608e-05 3.94166e-05
-3.04483 4.7293e-05 4.66737e-05
-3.01983 5.58928e-05 5.51893e-05
-2.99483 6.59648e-05 6.51672e-05
-2.96983 7.77437e-05 7.68411e-05
-2.94483 9.14986e-05 9.04793e-05
-2.91983 0.000107538 0.000106389
-2.89483 0.000126213 0.00012492
-2.86983 0.000147926 0.000146474
-2.84483 0.000173134 0.000171507
-2.81983 0.000202355 0.000200536
-2.79483 0.000236181 0.000234151
-2.76983 0.000275279 0.000273017
-2.74483 0.000320403 0.000317889
-2.71983 0.000372407 0.000369618
-2.69483 0.00043225 0.000429163
-2.66983 0.000501014 0.000497604
-2.64483 0.000579911 0.000576153
-2.61983 0.000670301 0.000666168
-2.59483 0.000773703 0.000769168
-2.56983 0.000891818 0.000886853
-2.54483 0.00102654 0.00102111
-2.51983 0.00117997 0.00117406
-2.49483 0.00135445 0.00134802
-2.46983 0.00155257 0.0015456
-2.44483 0.00177721 0.00176967
-2.41983 0.00203152 0.00202338
-2.39483 0.00231899 0.00231024
-2.36983 0.00264348 0.00263408
-2.34483 0.00300919 0.00299912
-2.31983 0.00342073 0.00340999
-2.29483 0.00388317 0.00387173
-2.26983 0.00440199 0.00438986
-2.24483 0.00498322 0.00497038
-2.21983 0.00563335 0.00561981
-2.19483 0.00635947 0.00634524
-2.16983 0.00716922 0.00715431
-2.14483 0.00807086 0.00805529
-2.11983 0.00907327 0.00905709
-2.09483 0.010186 0.0101693
-2.06983 0.0114194 0.0114021
-2.04483 0.0127843 0.0127666
-2.01983 0.0142926 0.0142744
-1.99483 0.0159565 0.0159381
-1.96983 0.0177895 0.0177709
-1.94483 0.0198055 0.0197868
-1.91983 0.0220194 0.0220007
-1.89483 0.0244467 0.0244283
-1.86983 0.027104 0.0270859
-1.84483 0.0300084 0.0299908
-1.81983 0.0331779 0.033161
-1.79483 0.0366313 0.0366153
-1.76983 0.0403879 0.040373
-1.74483 0.0444681 0.0444545
-1.71983 0.0488924 0.0488804
-1.69483 0.0536824 0.0536722
-1.66983 0.0588598 0.0588517
-1.64483 0.0644471 0.0644412
-1.61983 0.0704667 0.0704634
-1.59483 0.0769416 0.0769411
-1.56983 0.0838949 0.0838975
-1.54483 0.0913496 0.0913556
-1.51983 0.0993287 0.0993382
-1.49483 0.107855 0.107868
-1.46983 0.11695 0.116968
-1.44483 0.126637 0.126658
-1.41983 0.136935 0.136961
-1.39483 0.147865 0.147896
-1.36983 0.159447 0.159482
-1.34483 0.171696 0.171737
-1.31983 0.184631 0.184676
-1.29483 0.198264 0.198314
-1.26983 0.212608 0.212663
-1.24483 0.227673 0.227734
-1.21983 0.243468 0.243533
-1.19483 0.259997 0.260067
-1.16983 0.277263 0.277338
-1.14483 0.295265 0.295344
-1.11983 0.313999 0.314083
-1.09483 0.333459 0.333546
-1.06983 0.353633 0.353724
-1.04483 0.374508 0.374601
-1.01983 0.396064 0.396159
-0.994826 0.418279 0.418376
-0.969826 0.441127 0.441226
-0.944826 0.464578 0.464677
-0.919826 0.488596 0.488695
-0.894826 0.513143 0.513241
-0.869826 0.538175 0.538272
-0.844826 0.563644 0.563739
-0.819826 0.5895 0.589592
-0.794826 0.615686 0.615774
-0.769826 0.642143 0.642226
-0.744826 0.668807 0.668885
-0.719826 0.695612 0.695684
-0.694826 0.722487 0.722551
-0.669826 0.749358 0.749415
-0.644826 0.77615 0.776199
-0.619826 0.802785 0.802825
-0.594826 0.829181 0.829211
-0.569826 0.855256 0.855276
-0.544826 0.880927 0.880936
-0.519826 0.906109 0.906107
-0.494826 0.930717 0.930704
-0.469826 0.954666 0.954643
-0.444826 0.977873 0.977838
-0.419826 1.00025 1.00021
-0.394826 1.02173 1.02167
-0.369826 1.04221 1.04214
-0.344826 1.06163 1.06155
-0.319826 1.07991 1.07982
-0.294826 1.09699 1.09688
-0.269826 1.11278 1.11267
-0.244826 1.12724 1.12712
-0.219826 1.1403 1.14017
-0.194826 1.1519 1.15177
-0.169826 1.16202 1.16187
-0.144826 1.17059 1.17044
-0.119826 1.17759 1.17744
-0.094826 1.18299 1.18283
-0.069826 1.18676 1.1866
-0.044826 1.1889 1.18874
-0.019826 1.18938 1.18922
0.00517395 1.18821 1.18805
0.030174 1.1854 1.18524
0.055174 1.18095 1.1808
0.080174 1.17489 1.17474
0.105174 1.16723 1.16709
0.130174 1.15802 1.15788
0.155174 1.14728 1.14715
0.180174 1.13506 1.13494
0.205174 1.12142 1.1213
0.230174 1.1064 1.1063
0.255174 1.09007 1.08997
0.280174 1.07249 1.0724
0.305174 1.05373 1.05365
0.330174 1.03386 1.03379
0.355174 1.01295 1.0129
0.380174 0.991096 0.991054
0.405174 0.968363 0.968332
0.430174 0.944839 0.944819
0.455174 0.920606 0.920598
0.480174 0.89575 0.895753
0.505174 0.870356 0.87037
0.530174 0.844507 0.844532
0.555174 0.818289 0.818323
0.580174 0.791785 0.791828
0.605174 0.765075 0.765128
0.630174 0.738241 0.738301
0.655174 0.711359 0.711427
0.680174 0.684504 0.684579
0.705174 0.65775 0.65783
0.730174 0.631163 0.631249
0.755174 0.604811 0.604901
0.780174 0.578755 0.578848
0.805174 0.553052 0.553148
0.830174 0.527758 0.527855
0.855174 0.502921 0.50302
0.880174 0.478588 0.478687
0.905174 0.4548 0.454899
0.930174 0.431595 0.431693
0.955174 0.409005 0.409102
0.980174 0.38706 0.387154
1.00517 0.365784 0.365876
1.03017 0.345197 0.345286
1.05517 0.325317 0.325403
1.08017 0.306156 0.306238
1.10517 0.287724 0.287802
1.13017 0.270027 0.2701
1.15517 0.253066 0.253134
1.18017 0.236841 0.236905
1.20517 0.221349 0.221408
1.23017 0.206584 0.206637
1.25517 0.192535 0.192584
1.28017 0.179193 0.179236
1.30517 0.166544 0.166582
1.33017 0.154573 0.154607
1.35517 0.143263 0.143292
1.38017 0.132597 0.132621
1.40517 0.122554 0.122574
1.43017 0.113115 0.113131
1.45517 0.104258 0.10427
1.48017 0.095961 0.095969
1.50517 0.0882017 0.0882062
1.53017 0.0809573 0.0809586
1.55517 0.0742048 0.0742031
1.58017 0.0679211 0.0679167
1.60517 0.0620833 0.0620764
1.63017 0.0566684 0.0566594
1.65517 0.051654 0.051643
1.68017 0.047018 0.0470053
1.70517 0.0427387 0.0427245
1.73017 0.0387949 0.0387795
1.75517 0.0351662 0.0351498
1.78017 0.0318326 0.0318154
1.80517 0.0287751 0.0287573
1.83017 0.0259751 0.0259569
1.85517 0.0234151 0.0233965
1.88017 0.021078 0.0210593
1.90517 0.0189479 0.0189292
1.93017 0.0170094 0.0169909
1.95517 0.0152481 0.0152298
1.98017 0.0136501 0.0136321
2.00517 0.0122027 0.0121851
2.03017 0.0108936 0.0108765
2.05517 0.00971142 0.00969489
2.08017 0.00864553 0.0086296
2.10517 0.00768595 0.00767065
2.13017 0.00682339 0.00680876
2.15517 0.00604923 0.00603528
2.18017 0.00535545 0.0053422
2.20517 0.00473467 0.00472212
2.23017 0.00418003 0.00416818
2.25517 0.00368524 0.0036741
2.28017 0.00324451 0.00323405
2.30517 0.00285253 0.00284274
2.33017 0.00250442 0.00249529
2.35517 0.00219574 0.00218725
2.38017 0.00192244 0.00191455
2.40517 0.00168081 0.00167351
2.43017 0.00146752 0.00146078
2.45517 0.00127952 0.00127331
2.48017 0.00111405 0.00110834
2.50517 0.000968631 0.000963401
2.53017 0.000841027 0.000836244
2.55517 0.00072922 0.000724855
2.58017 0.000631399 0.000627425
2.60517 0.000545942 0.000542331
2.63017 0.000471395 0.000468122
2.65517 0.000406463 0.000403502
2.68017 0.000349988 0.000347316
2.70517 0.000300942 0.000298535
2.73017 0.00025841 0.000256246
2.75517 0.000221581 0.00021964
2.78017 0.000189737 0.000188
2.80517 0.000162244 0.000160692
2.83017 0.000138542 0.000137158
2.85517 0.000118139 0.000116907
2.88017 0.0001006 9.95066e-05
2.90517 8.55467e-05 8.45772e-05
2.93017 7.26447e-05 7.1787e-05
2.95517 6.1603e-05 6.08456e-05
2.98017 5.2167e-05 5.14995e-05
3.00517 4.41151e-05 4.35279e-05
3.03017 3.72542e-05 3.67386e-05
3.05517 3.14166e-05 3.09647e-05
3.08017 2.64571e-05 2.60617e-05
3.10517 2.22495e-05 2.19043e-05
3.13017 1.86851e-05 1.83842e-05
3.15517 1.56699e-05 1.54081e-05
3.18017 1.31231e-05 1.28957e-05
3.20517 1.09749e-05 1.07778e-05
3.23017 9.16567e-06 8.99507e-06
3.25517 7.64405e-06 7.49667e-06
3.28017 6.36619e-06 6.2391e-06
3.30517 5.29459e-06 5.18518e-06
3.33017 4.39726e-06 4.30324e-06
3.35517 3.64694e-06 3.56628e-06
3.38017 3.02045e-06 2.95138e-06
3.40517 2.49811e-06 2.43906e-06
3.43017 2.06324e-06 2.01284e-06
3.45517 1.7017e-06 1.65876e-06
3.48017 1.40157e-06 1.36505e-06
3.50517 1.15277e-06 1.12176e-06
3.53017 9.46815e-07 9.20532e-07
3.55517 7.7658e-07 7.54338e-07
3.58017 6.36069e-07 6.17279e-07
3.60517 5.20258e-07 5.04411e-07
3.63017 4.24943e-07 4.11599e-07
3.65517 3.46608e-07 3.35392e-07
3.68017 2.82321e-07 2.72909e-07
3.70517 2.29639e-07 2.21753e-07
3.73017 1.86528e-07 1.79932e-07
3.75517 1.513e-07 1.45793e-07
3.78017 1.22555e-07 1.17964e-07
3.80517 9.91338e-08 9.5312e-08
3.83017 8.0077e-08 7.69012e-08
3.85517 6.45937e-08 6.19591e-08
3.88017 5.20319e-08 4.98498e-08
3.90517 4.18549e-08 4.00505e-08
3.93017 3.36217e-08 3.2132e-08
3.95517 2.69705e-08 2.57427e-08
3.98017 2.16051e-08 2.05947e-08
4.00517 1.7283e-08 1.64529e-08
4.03017 1.38064e-08 1.31255e-08
4.05517 1.10138e-08 1.04561e-08
4.08017 8.77389e-09 8.3179e-09
4.10517 6.9798e-09 6.60756e-09
4.13017 5.54486e-09 5.24147e-09
4.15517 4.39881e-09 4.15192e-09
4.18017 3.48479e-09 3.2842e-09
4.20517 2.75686e-09 2.59415e-09
4.23017 2.17796e-09 2.04618e-09
4.25517 1.71823e-09 1.61167e-09
4.28017 1.35366e-09 1.26763e-09
4.30517 1.06497e-09 9.9562e-10
4.33017 8.36678e-10 7.80867e-10
4.35517 6.56413e-10 6.11567e-10
4.38017 5.14272e-10 4.78293e-10
4.40517 4.02352e-10 3.73531e-10
4.43017 3.14351e-10 2.91302e-10
4.45517 2.45257e-10 2.26851e-10
4.48017 1.91084e-10 1.7641e-10
4.50517 1.48671e-10 1.36989e-10
4.53017 1.15511e-10 1.06226e-10
4.55517 8.96221e-11 8.22542e-11
4.58017 6.94393e-11 6.36015e-11
4.60517 5.3727e-11 4.91086e-11
4.63017 4.15123e-11 3.78643e-11
4.65517 3.203e-11 2.9153e-11
4.68017 2.46794e-11 2.24139e-11
4.70517 1.89893e-11 1.72081e-11
4.73017 1.45909e-11 1.31926e-11
4.75517 1.11956e-11 1.00996e-11
4.78017 8.57855e-12 7.72082e-12
4.80517 6.56411e-12 5.89387e-12
4.83017 5.01573e-12 4.49281e-12
4.85517 3.82727e-12 3.41992e-12
4.88017 2.91636e-12 2.59952e-12
4.90517 2.21917e-12 1.9731e-12
4.93017 1.68631e-12 1.4955e-12
4.95517 1.27961e-12 1.13188e-12
4.98017 9.69658e-13 8.55449e-13
5.00517 7.33761e-13 6.45605e-13
5.03017 5.54482e-13 4.8654e-13
5.05517 4.18425e-13 3.66141e-13
5.08017 3.15315e-13 2.75141e-13
5.10517 2.37284e-13 2.06463e-13
5.13017 1.78315e-13 1.54706e-13
5.15517 1.33815e-13 1.15757e-13
5.18017 1.00281e-13 8.64901e-14
5.20517 7.50464e-14 6.45301e-14
5.23017 5.60838e-14 4.80768e-14
5.25517 4.18544e-14 3.57673e-14
5.28017 3.1192e-14 2.65713e-14
5.30517 2.32135e-14 1.97113e-14
5.33017 1.72518e-14 1.46014e-14
5.35517 1.28035e-14 1.08007e-14
5.38017 9.48889e-15 7.97779e-15
5.40517 7.02264e-15 5.88423e-15
5.43017 5.19018e-15 4.33383e-15
5.45517 3.83055e-15 3.18735e-15
5.48017 2.82317e-15 2.34079e-15
5.50517 2.07783e-15 1.71661e-15
5.53017 1.52714e-15 1.25705e-15
5.55517 1.12084e-15 9.19201e-16
5.58017 8.21501e-16 6.71184e-16
5.60517 6.01268e-16 4.89381e-16
5.63017 4.39465e-16 3.56308e-16
5.65517 3.20758e-16 2.59047e-16
5.68017 2.33791e-16 1.88064e-16
5.70517 1.70167e-16 1.36334e-16
5.73017 1.23685e-16 9.86908e-17
5.75517 8.97758e-17 7.13381e-17
5.78017 6.50724e-17 5.14919e-17
5.80517 4.71011e-17 3.71133e-17
5.83017 3.40457e-17 2.67111e-17
5.85517 2.45748e-17 1.91966e-17
5.88017 1.77139e-17 1.37762e-17
5.90517 1.27508e-17 9.87207e-18
5.93017 9.16546e-18 7.06409e-18
5.95517 6.57914e-18 5.04749e-18
5.98017 4.71608e-18 3.60136e-18
6.00517 3.3759e-18 2.56582e-18
6.03017 2.41321e-18 1.8254e-18
6.05517 1.72265e-18 1.29676e-18
6.08017 1.228e-18 9.19877e-19
6.10517 8.74165e-19 6.51584e-19
6.13017 6.21421e-19 4.60873e-19
6.15517 4.41139e-19 3.25507e-19
6.18017 3.12725e-19 2.29567e-19
6.20517 2.21384e-19 1.61669e-19
6.23017 1.56504e-19 1.13687e-19
6.25517 1.10485e-19 7.98298e-20
6.28017 7.7889e-20 5.59741e-20
6.30517 5.48336e-20 3.91901e-20
6.33017 3.85491e-20 2.73989e-20
6.35517 2.70631e-20 1.91275e-20
6.38017 1.89731e-20 1.33337e-20
6.40517 1.3283e-20 9.28129e-21
6.43017 9.28648e-21 6.45109e-21
6.45517 6.4834e-21 4.47739e-21
6.48017 4.52013e-21 3.103e-21
6.50517 3.14699e-21 2.14736e-21
6.53017 2.18795e-21 1.48387e-21
6.55517 1.51906e-21 1.02388e-21
6.58017 1.0532e-21 7.05454e-22
6.60517 7.29195e-22 4.85348e-22
6.63017 5.04165e-22 3.33428e-22
6.65517 3.48096e-22 2.28726e-22
6.68017 2.40006e-22 1.56673e-22
6.70517 1.6525e-22 1.0716e-22
6.73017 1.13621e-22 7.31879e-23
6.75517 7.80137e-23 4.99123e-23
6.78017 5.3491e-23 3.39891e-23
6.80517 3.66258e-23 2.31118e-23
6.83017 2.50433e-23 1.56924e-23
6.85517 1.70998e-23 1.06392e-23
6.88017 1.16597e-23 7.20263e-24
6.90517 7.93931e-24 4.86894e-24
6.93017 5.3985e-24 3.28654e-24
6.95517 3.66573e-24 2.21516e-24
6.98017 2.48568e-24 1.49084e-24
7.00517 1.68317e-24 1.00189e-24
7.03017 1.13816e-24 6.72308e-25
7.05517 7.68563e-25 4.50482e-25
7.08017 5.18264e-25 3.01402e-25
7.10517 3.48996e-25 2.0136e-25
7.13017 2.34685e-25 1.34326e-25
7.15517 1.57597e-25 8.94764e-26
7.18017 1.05683e-25 5.95133e-26
7.20517 7.07721e-26 3.95256e-26
7.23017 4.73276e-26 2.6212e-26
7.25517 3.16056e-26 1.73573e-26
7.28017 2.10771e-26 1.14768e-26
7.30517 1.40363e-26 7.57733e-27
7.33017 9.33455e-27 4.99539e-27
7.35517 6.19912e-27 3.28836e-27
7.38017 4.11115e-27 2.16146e-27
7.40517 2.72266e-27 1.41863e-27
7.43017 1.80061e-27 9.29713e-28
7.45517 1.18917e-27 6.08393e-28
7.48017 7.8427e-28 3.97534e-28
7.50517 5.16515e-28 2.5937e-28
7.53017 3.39701e-28 1.68975e-28
7.55517 2.23105e-28 1.0992e-28
7.58017 1.46324e-28 7.13982e-29
7.60517 9.58344e-29 4.63075e-29
7.63017 6.26791e-29 2.99895e-29
7.65517 4.09375e-29 1.93928e-29
7.68017 2.67003e-29 1.25217e-29
7.70517 1.73904e-29 8.07314e-30
7.73017 1.13109e-29 5.19724e-30
7.75517 7.34654e-30 3.34084e-30
7.78017 4.76503e-30 2.14432e-30
7.80517 3.08635e-30 1.37428e-30
7.83017 1.99628e-30 8.79455e-31
7.85517 1.28942e-30 5.61956e-31
7.88017 8.31694e-31 3.58544e-31
7.90517 5.35711e-31 2.28419e-31
7.93017 3.44583e-31 1.45303e-31
7.95517 2.21337e-31 9.22919e-32
7.98017 1.41975e-31 5.85334e-32
8.00517 9.0942e-32 3.70675e-32
8.03017 5.81722e-32 2.34386e-32
8.05517 3.71589e-32 1.47985e-32
8.08017 2.37032e-32 9.32941e-33
8.10517 1.5099e-32 5.8727e-33
8.13017 9.60474e-33 3.69121e-33
8.15517 6.10127e-33 2.31658e-33
8.18017 3.87036e-33 1.45169e-33
8.20517 2.45177e-33 9.08337e-34
8.23017 1.55098e-33 5.675e-34
8.25517 9.79777e-34 3.54023e-34
8.28017 6.18082e-34 2.20518e-34
8.30517 3.89369e-34 1.37151e-34
8.33017 2.44948e-34 8.51731e-35
8.35517 1.5388e-34 5.2814e-35
8.38017 9.6536e-35 3.26995e-35
8.40517 6.04772e-35 2.02151e-35
8.43017 3.78348e-35 1.24783e-35
8.45517 2.36368e-35 7.69084e-36
8.48017 1.47462e-35 4.73291e-36
8.50517 9.18695e-36 2.90807e-36
8.53017 5.71555e-36 1.78389e-36
8.55517 3.55093e-36 1.09224e-36
8.58017 2.20304e-36 6.67086e-37
8.60517 1.3649e-36 4.05718e-37
8.63017 8.4445e-37 2.44569e-37
8.65517 5.21729e-37 1.44182e-37
8.68017 3.21894e-37 7.98041e-38
8.70517 1.98325e-37 3.54439e-38
8.73017 1.22022e-37 0
8.75517 2.78307e-320 2.78307e-320
