0.004 0.00059366
0.008 0.00107637
0.012 0.00146934
0.016 0.00178928
0.02 0.00204942
0.024 0.00226038
0.028 0.00243069
0.032 0.00256727
0.036 0.00267578
0.04 0.00276084
0.044 0.00282627
0.048 0.00287524
0.052 0.00291037
0.056 0.00293387
0.06 0.00294756
0.064 0.002953
0.068 0.00295149
0.072 0.00294413
0.076 0.00293187
0.08 0.00291548
0.084 0.00289564
0.088 0.00287294
0.092 0.00284787
0.096 0.00282084
0.1 0.00279221
0.104 0.0027623
0.108 0.00273137
0.112 0.00269965
0.116 0.00266734
0.12 0.00263459
0.124 0.00260156
0.128 0.00256837
0.132 0.00253511
0.136 0.0025019
0.14 0.00246879
0.144 0.00243586
0.148 0.00240316
0.152 0.00237074
0.156 0.00233864
0.16 0.00230689
0.164 0.00227552
0.168 0.00224455
0.172 0.002214
0.176 0.00218389
0.18 0.00215422
0.184 0.002125
0.188 0.00209625
0.192 0.00206796
0.196 0.00204014
0.2 0.00201278
0.204 0.00198589
0.208 0.00195947
0.212 0.0019335
0.216 0.001908
0.22 0.00188295
0.224 0.00185835
0.228 0.00183419
0.232 0.00181047
0.236 0.00178717
0.24 0.00176431
0.244 0.00174186
0.248 0.00171982
0.252 0.00169819
0.256 0.00167695
0.26 0.0016561
0.264 0.00163563
0.268 0.00161554
0.272 0.00159581
0.276 0.00157644
0.28 0.00155742
0.284 0.00153875
0.288 0.00152042
0.292 0.00150242
0.296 0.00148474
0.3 0.00146738
0.304 0.00145033
0.308 0.00143358
0.312 0.00141713
0.316 0.00140097
0.32 0.0013851
0.324 0.0013695
0.328 0.00135418
0.332 0.00133912
0.336 0.00132433
0.34 0.00130979
0.344 0.00129549
0.348 0.00128145
0.352 0.00126764
0.356 0.00125406
0.36 0.00124072
0.364 0.0012276
0.368 0.00121469
0.372 0.00120201
0.376 0.00118953
0.38 0.00117725
0.384 0.00116518
0.388 0.0011533
0.392 0.00114162
0.396 0.00113012
0.4 0.00111881
0.404 0.00110768
0.408 0.00109673
0.412 0.00108595
0.416 0.00107533
0.42 0.00106489
0.424 0.0010546
0.428 0.00104448
0.432 0.00103451
0.436 0.0010247
0.44 0.00101503
0.444 0.00100551
0.448 0.000996133
0.452 0.000986898
0.456 0.000977801
0.46 0.000968838
0.464 0.000960008
0.468 0.000951308
0.472 0.000942735
0.476 0.000934287
0.48 0.000925962
0.484 0.000917756
0.488 0.000909668
0.492 0.000901695
0.496 0.000893835
0.5 0.000886087
0.504 0.000878447
0.508 0.000870914
0.512 0.000863486
0.516 0.00085616
0.52 0.000848936
0.524 0.00084181
0.528 0.000834782
0.532 0.000827849
0.536 0.000821009
0.54 0.000814262
0.544 0.000807604
0.548 0.000801036
0.552 0.000794554
0.556 0.000788158
0.56 0.000781845
0.564 0.000775615
0.568 0.000769466
0.572 0.000763396
0.576 0.000757405
0.58 0.00075149
0.584 0.000745651
0.588 0.000739885
0.592 0.000734193
0.596 0.000728572
0.6 0.000723021
0.604 0.000717539
0.608 0.000712126
0.612 0.000706779
0.616 0.000701497
0.62 0.000696281
0.624 0.000691127
0.628 0.000686037
0.632 0.000681007
0.636 0.000676038
0.64 0.000671128
0.644 0.000666277
0.648 0.000661483
0.652 0.000656746
0.656 0.000652064
0.66 0.000647437
0.664 0.000642864
0.668 0.000638343
0.672 0.000633875
0.676 0.000629458
0.68 0.000625092
0.684 0.000620775
0.688 0.000616507
0.692 0.000612288
0.696 0.000608115
0.7 0.00060399
0.704 0.00059991
0.708 0.000595876
0.712 0.000591886
0.716 0.00058794
0.72 0.000584038
0.724 0.000580177
0.728 0.000576359
0.732 0.000572582
0.736 0.000568846
0.74 0.00056515
0.744 0.000561493
0.748 0.000557876
0.752 0.000554296
0.756 0.000550755
0.76 0.00054725
0.764 0.000543783
0.768 0.000540351
0.772 0.000536955
0.776 0.000533594
0.78 0.000530268
0.784 0.000526976
0.788 0.000523718
0.792 0.000520493
0.796 0.0005173
0.8 0.00051414
0.804 0.000511012
0.808 0.000507914
0.812 0.000504848
0.816 0.000501813
0.82 0.000498807
0.824 0.000495831
0.828 0.000492884
0.832 0.000489967
0.836 0.000487077
0.84 0.000484216
0.844 0.000481383
0.848 0.000478576
0.852 0.000475797
0.856 0.000473045
0.86 0.000470318
0.864 0.000467618
0.868 0.000464943
0.872 0.000462293
0.876 0.000459669
0.88 0.000457069
0.884 0.000454493
0.888 0.000451941
0.892 0.000449413
0.896 0.000446908
0.9 0.000444426
0.904 0.000441967
0.908 0.00043953
0.912 0.000437116
0.916 0.000434723
0.92 0.000432352
0.924 0.000430002
0.928 0.000427674
0.932 0.000425366
0.936 0.000423079
0.94 0.000420812
0.944 0.000418565
0.948 0.000416338
0.952 0.000414131
0.956 0.000411943
0.96 0.000409774
0.964 0.000407624
0.968 0.000405493
0.972 0.00040338
0.976 0.000401285
0.98 0.000399208
0.984 0.000397149
0.988 0.000395107
0.992 0.000393083
0.996 0.000391076
1 0.000389086
1.004 0.000387113
1.008 0.000385156
1.012 0.000383215
1.016 0.000381291
1.02 0.000379383
1.024 0.00037749
1.028 0.000375613
1.032 0.000373752
1.036 0.000371906
1.04 0.000370074
1.044 0.000368258
1.048 0.000366457
1.052 0.00036467
1.056 0.000362897
1.06 0.000361139
1.064 0.000359395
1.068 0.000357665
1.072 0.000355948
1.076 0.000354245
1.08 0.000352556
1.084 0.00035088
1.088 0.000349217
1.092 0.000347567
1.096 0.00034593
1.1 0.000344306
1.104 0.000342695
1.108 0.000341096
1.112 0.000339509
1.116 0.000337935
1.12 0.000336372
1.124 0.000334822
1.128 0.000333283
1.132 0.000331756
1.136 0.000330241
1.14 0.000328737
1.144 0.000327245
1.148 0.000325764
1.152 0.000324293
1.156 0.000322834
1.16 0.000321386
1.164 0.000319948
1.168 0.000318521
1.172 0.000317105
1.176 0.000315699
1.18 0.000314303
1.184 0.000312918
1.188 0.000311543
1.192 0.000310177
1.196 0.000308822
1.2 0.000307476
1.204 0.000306141
1.208 0.000304814
1.212 0.000303498
1.216 0.00030219
1.22 0.000300892
1.224 0.000299604
1.228 0.000298324
1.232 0.000297054
1.236 0.000295792
1.24 0.000294539
1.244 0.000293295
1.248 0.00029206
1.252 0.000290834
1.256 0.000289616
1.26 0.000288406
1.264 0.000287205
1.268 0.000286012
1.272 0.000284827
1.276 0.000283651
1.28 0.000282482
1.284 0.000281322
1.288 0.000280169
1.292 0.000279024
1.296 0.000277887
1.3 0.000276758
1.304 0.000275636
1.308 0.000274522
1.312 0.000273415
1.316 0.000272316
1.32 0.000271223
1.324 0.000270139
1.328 0.000269061
1.332 0.000267991
1.336 0.000266927
1.34 0.000265871
1.344 0.000264821
1.348 0.000263779
1.352 0.000262743
1.356 0.000261714
1.36 0.000260692
1.364 0.000259676
1.368 0.000258667
1.372 0.000257664
1.376 0.000256668
1.38 0.000255678
1.384 0.000254694
1.388 0.000253717
1.392 0.000252746
1.396 0.000251781
1.4 0.000250822
1.404 0.00024987
1.408 0.000248923
1.412 0.000247982
1.416 0.000247047
1.42 0.000246118
1.424 0.000245195
1.428 0.000244278
1.432 0.000243366
1.436 0.00024246
1.44 0.000241559
1.444 0.000240664
1.448 0.000239775
1.452 0.000238891
1.456 0.000238012
1.46 0.000237139
1.464 0.000236271
1.468 0.000235408
1.472 0.000234551
1.476 0.000233699
1.48 0.000232852
1.484 0.00023201
1.488 0.000231173
1.492 0.000230341
1.496 0.000229514
1.5 0.000228691
1.504 0.000227874
1.508 0.000227062
1.512 0.000226254
1.516 0.000225452
1.52 0.000224654
1.524 0.00022386
1.528 0.000223072
1.532 0.000222287
1.536 0.000221508
1.54 0.000220733
1.544 0.000219962
1.548 0.000219196
1.552 0.000218435
1.556 0.000217678
1.56 0.000216925
1.564 0.000216176
1.568 0.000215432
1.572 0.000214692
1.576 0.000213956
1.58 0.000213225
1.584 0.000212497
1.588 0.000211774
1.592 0.000211055
1.596 0.00021034
1.6 0.000209628
1.604 0.000208921
1.608 0.000208218
1.612 0.000207519
1.616 0.000206823
1.62 0.000206132
1.624 0.000205444
1.628 0.00020476
1.632 0.00020408
1.636 0.000203404
1.64 0.000202731
1.644 0.000202062
1.648 0.000201397
1.652 0.000200736
1.656 0.000200078
1.66 0.000199423
1.664 0.000198772
1.668 0.000198125
1.672 0.000197481
1.676 0.000196841
1.68 0.000196204
1.684 0.00019557
1.688 0.00019494
1.692 0.000194314
1.696 0.00019369
1.7 0.00019307
1.704 0.000192453
1.708 0.00019184
1.712 0.00019123
1.716 0.000190623
1.72 0.000190019
1.724 0.000189418
1.728 0.000188821
1.732 0.000188226
1.736 0.000187635
1.74 0.000187047
1.744 0.000186462
1.748 0.00018588
1.752 0.000185301
1.756 0.000184725
1.76 0.000184151
1.764 0.000183581
1.768 0.000183014
1.772 0.00018245
1.776 0.000181888
1.78 0.00018133
1.784 0.000180774
1.788 0.000180221
1.792 0.000179671
1.796 0.000179124
1.8 0.00017858
1.804 0.000178038
1.808 0.000177499
1.812 0.000176962
1.816 0.000176429
1.82 0.000175898
1.824 0.00017537
1.828 0.000174844
1.832 0.000174321
1.836 0.000173801
1.84 0.000173283
1.844 0.000172767
1.848 0.000172255
1.852 0.000171744
1.856 0.000171237
1.86 0.000170732
1.864 0.000170229
1.868 0.000169729
1.872 0.000169231
1.876 0.000168735
1.88 0.000168242
1.884 0.000167752
1.888 0.000167264
1.892 0.000166778
1.896 0.000166294
1.9 0.000165813
1.904 0.000165334
1.908 0.000164857
1.912 0.000164383
1.916 0.000163911
1.92 0.000163441
1.924 0.000162974
1.928 0.000162509
1.932 0.000162045
1.936 0.000161584
1.94 0.000161126
1.944 0.000160669
1.948 0.000160215
1.952 0.000159762
1.956 0.000159312
1.96 0.000158864
1.964 0.000158418
1.968 0.000157974
1.972 0.000157533
1.976 0.000157093
1.98 0.000156655
1.984 0.000156219
1.988 0.000155786
1.992 0.000155354
1.996 0.000154924
2 0.000154497
