0.01 0.386181
0.02 0.840838
0.03 1.32122
0.04 1.80559
0.05 2.28222
0.06 2.74471
0.07 3.1897
0.08 3.61564
0.09 4.02203
0.1 4.40906
0.11 4.77726
0.12 5.12743
0.13 5.46043
0.14 5.77722
0.15 6.07872
0.16 6.36586
0.17 6.63952
0.18 6.90055
0.19 7.14974
0.2 7.38782
0.21 7.6155
0.22 7.83341
0.23 8.04216
0.24 8.2423
0.25 8.43435
0.26 8.61879
0.27 8.79606
0.28 8.96658
0.29 9.13072
0.3 9.28885
0.31 9.44128
0.32 9.58834
0.33 9.73031
0.34 9.86745
0.35 10
0.36 10.1282
0.37 10.2523
0.38 10.3725
0.39 10.4889
0.4 10.6018
0.41 10.7113
0.42 10.8175
0.43 10.9206
0.44 11.0209
0.45 11.1182
0.46 11.2129
0.47 11.305
0.48 11.3947
0.49 11.4819
0.5 11.5669
0.51 11.6498
0.52 11.7305
0.53 11.8092
0.54 11.886
0.55 11.9609
0.56 12.034
0.57 12.1054
0.58 12.1752
0.59 12.2433
0.6 12.3099
0.61 12.3751
0.62 12.4387
0.63 12.501
0.64 12.562
0.65 12.6217
0.66 12.6801
0.67 12.7373
0.68 12.7934
0.69 12.8483
0.7 12.9021
0.71 12.9548
0.72 13.0066
0.73 13.0573
0.74 13.1071
0.75 13.1559
0.76 13.2038
0.77 13.2508
0.78 13.297
0.79 13.3423
0.8 13.3869
0.81 13.4306
0.82 13.4736
0.83 13.5158
0.84 13.5574
0.85 13.5982
0.86 13.6383
0.87 13.6778
0.88 13.7166
0.89 13.7548
0.9 13.7923
0.91 13.8293
0.92 13.8657
0.93 13.9015
0.94 13.9367
0.95 13.9715
0.96 14.0056
0.97 14.0393
0.98 14.0725
0.99 14.1051
1 14.1373
1.01 14.1691
1.02 14.2003
1.03 14.2311
1.04 14.2615
1.05 14.2915
1.06 14.321
1.07 14.3501
1.08 14.3789
1.09 14.4072
1.1 14.4352
1.11 14.4627
1.12 14.49
1.13 14.5168
1.14 14.5433
1.15 14.5695
1.16 14.5953
1.17 14.6208
1.18 14.646
1.19 14.6708
1.2 14.6954
1.21 14.7196
1.22 14.7435
1.23 14.7672
1.24 14.7906
1.25 14.8136
1.26 14.8364
1.27 14.859
1.28 14.8812
1.29 14.9033
1.3 14.925
1.31 14.9465
1.32 14.9678
1.33 14.9888
1.34 15.0096
1.35 15.0301
1.36 15.0504
1.37 15.0705
1.38 15.0904
1.39 15.1101
1.4 15.1295
1.41 15.1488
1.42 15.1678
1.43 15.1866
1.44 15.2052
1.45 15.2237
1.46 15.2419
1.47 15.26
1.48 15.2778
1.49 15.2955
1.5 15.313
1.51 15.3304
1.52 15.3475
1.53 15.3645
1.54 15.3813
1.55 15.398
1.56 15.4144
1.57 15.4308
1.58 15.4469
1.59 15.4629
1.6 15.4788
1.61 15.4945
1.62 15.5101
1.63 15.5255
1.64 15.5408
1.65 15.5559
1.66 15.5709
1.67 15.5857
1.68 15.6004
1.69 15.615
1.7 15.6295
1.71 15.6438
1.72 15.658
1.73 15.672
1.74 15.686
1.75 15.6998
1.76 15.7135
1.77 15.7271
1.78 15.7405
1.79 15.7539
1.8 15.7671
1.81 15.7802
1.82 15.7932
1.83 15.8061
1.84 15.8189
1.85 15.8316
1.86 15.8442
1.87 15.8567
1.88 15.869
1.89 15.8813
1.9 15.8935
1.91 15.9055
1.92 15.9175
1.93 15.9294
1.94 15.9412
1.95 15.9529
1.96 15.9645
1.97 15.976
1.98 15.9874
1.99 15.9987
2 16.01
