0.01 0.00542316
0.02 0.00891882
0.03 0.0111452
0.04 0.0125229
0.05 0.0133267
0.06 0.0137392
0.07 0.0138841
0.08 0.0138459
0.09 0.0136833
0.1 0.0134372
0.11 0.0131363
0.12 0.0128012
0.13 0.0124463
0.14 0.0120817
0.15 0.0117149
0.16 0.0113508
0.17 0.010993
0.18 0.0106439
0.19 0.010305
0.2 0.00997744
0.21 0.00966163
0.22 0.00935785
0.23 0.00906608
0.24 0.00878619
0.25 0.00851791
0.26 0.00826088
0.27 0.00801473
0.28 0.00777903
0.29 0.00755334
0.3 0.00733723
0.31 0.00713024
0.32 0.00693196
0.33 0.00674196
0.34 0.00655983
0.35 0.0063852
0.36 0.00621767
0.37 0.00605691
0.38 0.00590256
0.39 0.00575431
0.4 0.00561186
0.41 0.00547492
0.42 0.00534321
0.43 0.00521648
0.44 0.00509449
0.45 0.004977
0.46 0.00486379
0.47 0.00475468
0.48 0.00464944
0.49 0.00454792
0.5 0.00444993
0.51 0.00435531
0.52 0.00426391
0.53 0.00417558
0.54 0.00409019
0.55 0.0040076
0.56 0.00392769
0.57 0.00385034
0.58 0.00377544
0.59 0.0037029
0.6 0.0036326
0.61 0.00356446
0.62 0.00349839
0.63 0.00343429
0.64 0.0033721
0.65 0.00331173
0.66 0.00325312
0.67 0.00319619
0.68 0.00314087
0.69 0.00308711
0.7 0.00303485
0.71 0.00298402
0.72 0.00293458
0.73 0.00288647
0.74 0.00283965
0.75 0.00279407
0.76 0.00274967
0.77 0.00270643
0.78 0.0026643
0.79 0.00262324
0.8 0.00258321
0.81 0.00254418
0.82 0.00250611
0.83 0.00246898
0.84 0.00243274
0.85 0.00239737
0.86 0.00236285
0.87 0.00232914
0.88 0.00229621
0.89 0.00226405
0.9 0.00223263
0.91 0.00220192
0.92 0.0021719
0.93 0.00214256
0.94 0.00211386
0.95 0.0020858
0.96 0.00205834
0.97 0.00203148
0.98 0.0020052
0.99 0.00197947
1 0.00195429
1.01 0.00192963
1.02 0.00190548
1.03 0.00188183
1.04 0.00185866
1.05 0.00183596
1.06 0.00181372
1.07 0.00179191
1.08 0.00177055
1.09 0.00174959
1.1 0.00172905
1.11 0.00170891
1.12 0.00168915
1.13 0.00166976
1.14 0.00165074
1.15 0.00163208
1.16 0.00161377
1.17 0.0015958
1.18 0.00157815
1.19 0.00156083
1.2 0.00154382
1.21 0.00152711
1.22 0.0015107
1.23 0.00149459
1.24 0.00147875
1.25 0.0014632
1.26 0.00144791
1.27 0.00143289
1.28 0.00141812
1.29 0.0014036
1.3 0.00138933
1.31 0.0013753
1.32 0.0013615
1.33 0.00134794
1.34 0.00133459
1.35 0.00132146
1.36 0.00130855
1.37 0.00129584
1.38 0.00128334
1.39 0.00127103
1.4 0.00125893
1.41 0.00124701
1.42 0.00123527
1.43 0.00122372
1.44 0.00121235
1.45 0.00120116
1.46 0.00119013
1.47 0.00117927
1.48 0.00116858
1.49 0.00115804
1.5 0.00114766
1.51 0.00113744
1.52 0.00112736
1.53 0.00111744
1.54 0.00110766
1.55 0.00109802
1.56 0.00108851
1.57 0.00107915
1.58 0.00106992
1.59 0.00106081
1.6 0.00105184
1.61 0.00104299
1.62 0.00103427
1.63 0.00102566
1.64 0.00101718
1.65 0.00100881
1.66 0.00100055
1.67 0.000992405
1.68 0.00098437
1.69 0.000976443
1.7 0.000968622
1.71 0.000960904
1.72 0.000953288
1.73 0.000945771
1.74 0.000938353
1.75 0.000931031
1.76 0.000923804
1.77 0.00091667
1.78 0.000909626
1.79 0.000902673
1.8 0.000895807
1.81 0.000889027
1.82 0.000882333
1.83 0.000875722
1.84 0.000869193
1.85 0.000862745
1.86 0.000856376
1.87 0.000850084
1.88 0.00084387
1.89 0.00083773
1.9 0.000831665
1.91 0.000825672
1.92 0.000819751
1.93 0.0008139
1.94 0.000808118
1.95 0.000802404
1.96 0.000796757
1.97 0.000791176
1.98 0.00078566
1.99 0.000780207
2 0.000774817
