-20 4.39783e-40 3.00744e-10
-19.9 1.08415e-39 5.81293e-10
-19.8 2.66053e-39 8.39642e-10
-19.7 6.49939e-39 1.07559e-09
-19.6 1.58053e-38 1.28981e-09
-19.5 3.82611e-38 1.48341e-09
-19.4 9.22019e-38 1.65769e-09
-19.3 2.21181e-37 1.81401e-09
-19.2 5.28179e-37 1.95373e-09
-19.1 1.25557e-36 2.07819e-09
-19 2.97116e-36 2.18869e-09
-18.9 6.99902e-36 2.28647e-09
-18.8 1.64125e-35 2.37269e-09
-18.7 3.83123e-35 2.44846e-09
-18.6 8.90281e-35 2.51482e-09
-18.5 2.05941e-34 2.57274e-09
-18.4 4.74224e-34 2.62312e-09
-18.3 1.08705e-33 2.66678e-09
-18.2 2.48052e-33 2.70448e-09
-18.1 5.63459e-33 2.73692e-09
-18 1.27411e-32 2.76474e-09
-17.9 2.86799e-32 2.78851e-09
-17.8 6.4265e-32 2.80874e-09
-17.7 1.4335e-31 2.8259e-09
-17.6 3.18307e-31 2.84041e-09
-17.5 7.03591e-31 2.85262e-09
-17.4 1.54818e-30 2.86286e-09
-17.3 3.39115e-30 2.87142e-09
-17.2 7.39434e-30 2.87855e-09
-17.1 1.60501e-29 2.88446e-09
-17 3.46802e-29 2.88935e-09
-16.9 7.45954e-29 2.89338e-09
-16.8 1.59723e-28 2.89668e-09
-16.7 3.40447e-28 2.89938e-09
-16.6 7.22367e-28 2.90158e-09
-16.5 1.52578e-27 2.90336e-09
-16.4 3.20812e-27 2.9048e-09
-16.3 6.71486e-27 2.90596e-09
-16.2 1.3991e-26 2.9069e-09
-16.1 2.90192e-26 2.90764e-09
-16 5.99169e-26 2.90823e-09
-15.9 1.23151e-25 2.9087e-09
-15.8 2.51973e-25 2.90908e-09
-15.7 5.13211e-25 2.90937e-09
-15.6 1.04055e-24 2.9096e-09
-15.5 2.10018e-24 2.90978e-09
-15.4 4.21964e-24 2.90992e-09
-15.3 8.43957e-24 2.91003e-09
-15.2 1.68032e-23 2.91011e-09
-15.1 3.33034e-23 2.91018e-09
-15 6.57069e-23 2.91023e-09
-14.9 1.29051e-22 2.91027e-09
-14.8 2.5231e-22 2.91029e-09
-14.7 4.91061e-22 2.91032e-09
-14.6 9.51397e-22 2.91033e-09
-14.5 1.83491e-21 2.91035e-09
-14.4 3.52284e-21 2.91036e-09
-14.3 6.73282e-21 2.91036e-09
-14.2 1.28094e-20 2.91037e-09
-14.1 2.42596e-20 2.91037e-09
-14 4.57368e-20 2.91038e-09
-13.9 8.58369e-20 2.91038e-09
-13.8 1.60364e-19 2.91038e-09
-13.7 2.98241e-19 2.91038e-09
-13.6 5.52146e-19 2.91038e-09
-13.5 1.01757e-18 2.91038e-09
-13.4 1.86682e-18 2.91038e-09
-13.3 3.40932e-18 2.91038e-09
-13.2 6.19808e-18 2.91038e-09
-13.1 1.12169e-17 2.91038e-09
-13 2.02076e-17 2.91038e-09
-12.9 3.62394e-17 2.91039e-09
-12.8 6.46956e-17 2.91039e-09
-12.7 1.14973e-16 2.91039e-09
-12.6 2.03395e-16 2.91039e-09
-12.5 3.58188e-16 2.9104e-09
-12.4 6.27925e-16 2.91041e-09
-12.3 1.0958e-15 2.91043e-09
-12.2 1.90362e-15 2.91045e-09
-12.1 3.29196e-15 2.91049e-09
-12 5.66703e-15 2.91054e-09
-11.9 9.71141e-15 2.91063e-09
-11.8 1.65667e-14 2.91077e-09
-11.7 2.81329e-14 2.91097e-09
-11.6 4.75574e-14 2.91129e-09
-11.5 8.00293e-14 2.91177e-09
-11.4 1.34062e-13 2.9125e-09
-11.3 2.23557e-13 2.9136e-09
-11.2 3.71104e-13 2.91527e-09
-11.1 6.1324e-13 2.91779e-09
-11 1.00877e-12 2.92157e-09
-10.9 1.65187e-12 2.92725e-09
-10.8 2.69271e-12 2.93573e-09
-10.7 4.36945e-12 2.94839e-09
-10.6 7.05815e-12 2.96721e-09
-10.5 1.13496e-11 2.99513e-09
-10.4 1.81676e-11 3.03641e-09
-10.3 2.89493e-11 3.09729e-09
-10.2 4.59204e-11 3.18682e-09
-10.1 7.25103e-11 3.31811e-09
-10 1.13978e-10 3.51006e-09
-9.9 1.78347e-10 3.78989e-09
-9.8 2.77802e-10 4.19664e-09
-9.7 4.30758e-10 4.78612e-09
-9.6 6.64901e-10 5.63786e-09
-9.5 1.02166e-09 6.86486e-09
-9.4 1.56272e-09 8.62706e-09
-9.3 2.37948e-09 1.11502e-08
-9.2 3.60669e-09 1.47517e-08
-9.1 5.44204e-09 1.98764e-08
-9 8.17412e-09 2.71457e-08
-8.9 1.22221e-08 3.74247e-08
-8.8 1.81918e-08 5.19128e-08
-8.7 2.69546e-08 7.22684e-08
-8.6 3.97572e-08 1.00775e-07
-8.5 5.83747e-08 1.40566e-07
-8.4 8.53216e-08 1.95927e-07
-8.3 1.24142e-07 2.72692e-07
-8.2 1.79807e-07 3.78784e-07
-8.1 2.5925e-07 5.24912e-07
-8 3.72097e-07 7.25499e-07
-7.9 5.31643e-07 9.999e-07
-7.8 7.56155e-07 1.37398e-06
-7.7 1.0706e-06 1.88217e-06
-7.6 1.50893e-06 2.57015e-06
-7.5 2.11708e-06 3.49819e-06
-7.4 2.95686e-06 4.74564e-06
-7.3 4.11102e-06 6.41636e-06
-7.2 5.68978e-06 8.64591e-06
-7.1 7.83912e-06 1.16103e-05
-7 1.07514e-05 1.55372e-05
-6.9 1.46787e-05 2.07199e-05
-6.8 1.99498e-05 2.75344e-05
-6.7 2.69907e-05 3.64606e-05
-6.6 3.63509e-05 4.81083e-05
-6.5 4.87351e-05 6.32492e-05
-6.4 6.50422e-05 8.28548e-05
-6.3 8.6412e-05 0.000108143
-6.2 0.000114282 0.000140631
-6.1 0.000150456 0.000182206
-6 0.000197182 0.000235195
-5.9 0.000257247 0.000302461
-5.8 0.000334086 0.000387503
-5.7 0.00043191 0.000494578
-5.6 0.000555846 0.000628839
-5.5 0.0007121 0.000796486
-5.4 0.000908141 0.00100494
-5.3 0.0011529 0.00126304
-5.2 0.00145699 0.00158125
-5.1 0.00183293 0.00197186
-5 0.00229542 0.00244928
-4.9 0.00286157 0.00303022
-4.8 0.00355118 0.00373402
-4.7 0.00438699 0.00458284
-4.6 0.00539495 0.00560195
-4.5 0.00660439 0.00681995
-4.4 0.00804831 0.00826897
-4.3 0.00976344 0.00998482
-4.2 0.0117903 0.0120071
-4.1 0.0141735 0.0143794
-4 0.016961 0.0171487
-3.9 0.0202047 0.0203661
-3.8 0.0239597 0.0240857
-3.7 0.0282836 0.0283646
-3.6 0.0332364 0.0332624
-3.5 0.0388793 0.0388401
-3.4 0.0452741 0.0451595
-3.3 0.0524816 0.0522821
-3.2 0.0605606 0.0602675
-3.1 0.0695663 0.0691725
-3 0.0795489 0.079049
-2.9 0.0905513 0.0899423
-2.8 0.102608 0.10189
-2.7 0.115743 0.114918
-2.6 0.129967 0.129042
-2.5 0.145277 0.144262
-2.4 0.161655 0.160562
-2.3 0.179063 0.177911
-2.2 0.197445 0.196257
-2.1 0.216728 0.215527
-2 0.236815 0.235628
-1.9 0.257591 0.256448
-1.8 0.278918 0.27785
-1.7 0.300641 0.29968
-1.6 0.322587 0.321763
-1.5 0.344564 0.343908
-1.4 0.36637 0.365908
-1.3 0.387789 0.387544
-1.2 0.408599 0.408589
-1.1 0.428574 0.428811
-1 0.447486 0.447977
-0.9 0.465113 0.465858
-0.8 0.481243 0.482233
-0.7 0.495673 0.496894
-0.6 0.508221 0.509651
-0.5 0.518724 0.520334
-0.4 0.527042 0.528799
-0.3 0.533066 0.534931
-0.2 0.536712 0.538644
-0.1 0.537934 0.539888
1.52933e-14 0.536712 0.538644
0.1 0.533066 0.534931
0.2 0.527042 0.528799
0.3 0.518724 0.520334
0.4 0.508221 0.509651
0.5 0.495673 0.496894
0.6 0.481243 0.482233
0.7 0.465113 0.465858
0.8 0.447486 0.447977
0.9 0.428574 0.428811
1 0.408599 0.408589
1.1 0.387789 0.387544
1.2 0.36637 0.365908
1.3 0.344564 0.343908
1.4 0.322587 0.321763
1.5 0.300641 0.29968
1.6 0.278918 0.27785
1.7 0.257591 0.256448
1.8 0.236815 0.235628
1.9 0.216728 0.215527
2 0.197445 0.196257
2.1 0.179063 0.177911
2.2 0.161655 0.160562
2.3 0.145277 0.144262
2.4 0.129967 0.129042
2.5 0.115743 0.114918
2.6 0.102608 0.10189
2.7 0.0905513 0.0899423
2.8 0.0795489 0.079049
2.9 0.0695663 0.0691725
3 0.0605606 0.0602675
3.1 0.0524816 0.0522821
3.2 0.0452741 0.0451595
3.3 0.0388793 0.0388401
3.4 0.0332364 0.0332624
3.5 0.0282836 0.0283646
3.6 0.0239597 0.0240857
3.7 0.0202047 0.0203661
3.8 0.016961 0.0171487
3.9 0.0141735 0.0143794
4 0.0117903 0.0120071
4.1 0.00976344 0.00998482
4.2 0.00804831 0.00826897
4.3 0.00660439 0.00681995
4.4 0.00539495 0.00560195
4.5 0.00438699 0.00458284
4.6 0.00355118 0.00373402
4.7 0.00286157 0.00303022
4.8 0.00229542 0.00244928
4.9 0.00183293 0.00197186
5 0.00145699 0.00158125
5.1 0.0011529 0.00126304
5.2 0.000908141 0.00100494
5.3 0.0007121 0.000796486
5.4 0.000555846 0.000628839
5.5 0.00043191 0.000494578
5.6 0.000334086 0.000387503
5.7 0.000257247 0.000302461
5.8 0.000197182 0.000235195
5.9 0.000150456 0.000182206
6 0.000114282 0.000140631
6.1 8.6412e-05 0.000108143
6.2 6.50422e-05 8.28548e-05
6.3 4.87351e-05 6.32493e-05
6.4 3.63509e-05 4.81083e-05
6.5 2.69907e-05 3.64606e-05
6.6 1.99498e-05 2.75344e-05
6.7 1.46787e-05 2.072e-05
6.8 1.07514e-05 1.55372e-05
6.9 7.83912e-06 1.16103e-05
7 5.68978e-06 8.64591e-06
7.1 4.11102e-06 6.41637e-06
7.2 2.95686e-06 4.74564e-06
7.3 2.11708e-06 3.4982e-06
7.4 1.50893e-06 2.57015e-06
7.5 1.0706e-06 1.88218e-06
7.6 7.56155e-07 1.37398e-06
7.7 5.31643e-07 9.99901e-07
7.8 3.72097e-07 7.255e-07
7.9 2.5925e-07 5.24913e-07
8 1.79807e-07 3.78785e-07
8.1 1.24142e-07 2.72693e-07
8.2 8.53216e-08 1.95927e-07
8.3 5.83747e-08 1.40566e-07
8.4 3.97572e-08 1.00775e-07
8.5 2.69546e-08 7.22685e-08
8.6 1.81918e-08 5.19129e-08
8.7 1.22221e-08 3.74247e-08
8.8 8.17412e-09 2.71458e-08
8.9 5.44204e-09 1.98764e-08
9 3.60669e-09 1.47517e-08
9.1 2.37948e-09 1.11502e-08
9.2 1.56272e-09 8.62708e-09
9.3 1.02166e-09 6.86487e-09
9.4 6.64901e-10 5.63787e-09
9.5 4.30758e-10 4.78612e-09
9.6 2.77802e-10 4.19664e-09
9.7 1.78347e-10 3.78989e-09
9.8 1.13978e-10 3.51006e-09
9.9 7.25103e-11 3.31811e-09
10 4.59204e-11 3.18683e-09
10.1 2.89493e-11 3.09729e-09
10.2 1.81676e-11 3.03641e-09
10.3 1.13496e-11 2.99513e-09
10.4 7.05815e-12 2.96721e-09
10.5 4.36945e-12 2.94839e-09
10.6 2.69271e-12 2.93573e-09
10.7 1.65187e-12 2.92725e-09
10.8 1.00877e-12 2.92157e-09
10.9 6.1324e-13 2.91779e-09
11 3.71104e-13 2.91527e-09
11.1 2.23557e-13 2.9136e-09
11.2 1.34062e-13 2.91249e-09
11.3 8.00293e-14 2.91177e-09
11.4 4.75574e-14 2.91129e-09
11.5 2.81329e-14 2.91097e-09
11.6 1.65667e-14 2.91076e-09
11.7 9.71141e-15 2.91063e-09
11.8 5.66703e-15 2.91054e-09
11.9 3.29196e-15 2.91048e-09
12 1.90362e-15 2.91044e-09
12.1 1.0958e-15 2.91041e-09
12.2 6.27925e-16 2.91039e-09
12.3 3.58188e-16 2.91038e-09
12.4 2.03395e-16 2.91036e-09
12.5 1.14973e-16 2.91035e-09
12.6 6.46956e-17 2.91033e-09
12.7 3.62394e-17 2.91031e-09
12.8 2.02076e-17 2.91028e-09
12.9 1.12169e-17 2.91025e-09
13 6.19808e-18 2.91021e-09
13.1 3.40932e-18 2.91016e-09
13.2 1.86682e-18 2.91009e-09
13.3 1.01757e-18 2.91e-09
13.4 5.52146e-19 2.90989e-09
13.5 2.98241e-19 2.90975e-09
13.6 1.60364e-19 2.90958e-09
13.7 8.58369e-20 2.90936e-09
13.8 4.57368e-20 2.90908e-09
13.9 2.42596e-20 2.90874e-09
14 1.28094e-20 2.90831e-09
14.1 6.73282e-21 2.90777e-09
14.2 3.52284e-21 2.90711e-09
14.3 1.83491e-21 2.9063e-09
14.4 9.51397e-22 2.9053e-09
14.5 4.91061e-22 2.90408e-09
14.6 2.5231e-22 2.9026e-09
14.7 1.29051e-22 2.90079e-09
14.8 6.57069e-23 2.89861e-09
14.9 3.33034e-23 2.89597e-09
15 1.68032e-23 2.8928e-09
15.1 8.43957e-24 2.88901e-09
15.2 4.21964e-24 2.88448e-09
15.3 2.10018e-24 2.8791e-09
15.4 1.04055e-24 2.87272e-09
15.5 5.13211e-25 2.86518e-09
15.6 2.51973e-25 2.85632e-09
15.7 1.23151e-25 2.84593e-09
15.8 5.99169e-26 2.83378e-09
15.9 2.90192e-26 2.81963e-09
16 1.3991e-26 2.80321e-09
16.1 6.71486e-27 2.78422e-09
16.2 3.20812e-27 2.76232e-09
16.3 1.52578e-27 2.73716e-09
16.4 7.22367e-28 2.70834e-09
16.5 3.40447e-28 2.67544e-09
16.6 1.59723e-28 2.63801e-09
16.7 7.45954e-29 2.59555e-09
16.8 3.46802e-29 2.54754e-09
16.9 1.60501e-29 2.49342e-09
17 7.39434e-30 2.43265e-09
17.1 3.39115e-30 2.36469e-09
17.2 1.54818e-30 2.2891e-09
17.3 7.03591e-31 2.20562e-09
17.4 3.18307e-31 2.11421e-09
17.5 1.4335e-31 2.01518e-09
17.6 6.4265e-32 1.90919e-09
17.7 2.86799e-32 1.79726e-09
17.8 1.27411e-32 1.68073e-09
17.9 5.63459e-33 1.56119e-09
18 2.48052e-33 1.44035e-09
18.1 1.08705e-33 1.31995e-09
18.2 4.74224e-34 1.2016e-09
18.3 2.05941e-34 1.08673e-09
18.4 8.90281e-35 9.76514e-10
18.5 3.83123e-35 8.71831e-10
18.6 1.64125e-35 7.73263e-10
18.7 6.99902e-36 6.81108e-10
18.8 2.97116e-36 5.95417e-10
18.9 1.25557e-36 5.16025e-10
19 5.28179e-37 4.42601e-10
19.1 2.21181e-37 3.7468e-10
19.2 9.22019e-38 3.11701e-10
19.3 3.82611e-38 2.53036e-10
19.4 1.58053e-38 1.9801e-10
19.5 6.49939e-39 1.4592e-10
19.6 2.66053e-39 9.60433e-11
19.7 1.08415e-39 4.76492e-11
