-20 1.30592e-21 4.36359e-10
-19.9 2.09494e-21 8.52045e-10
-19.8 3.35269e-21 1.24458e-09
-19.7 5.3528e-21 1.61329e-09
-19.6 8.52579e-21 1.95842e-09
-19.5 1.35474e-20 2.28063e-09
-19.4 2.14753e-20 2.58083e-09
-19.3 3.39619e-20 2.86e-09
-19.2 5.35808e-20 3.11916e-09
-19.1 8.43321e-20 3.35935e-09
-19 1.32417e-19 3.58158e-09
-18.9 2.07424e-19 3.78687e-09
-18.8 3.24145e-19 3.97618e-09
-18.7 5.05344e-19 4.15048e-09
-18.6 7.8596e-19 4.31069e-09
-18.5 1.21949e-18 4.45769e-09
-18.4 1.88767e-18 4.59235e-09
-18.3 2.91499e-18 4.71549e-09
-18.2 4.4907e-18 4.8279e-09
-18.1 6.90171e-18 4.93033e-09
-18 1.0582e-17 5.02352e-09
-17.9 1.61861e-17 5.10814e-09
-17.8 2.46992e-17 5.18484e-09
-17.7 3.76001e-17 5.25424e-09
-17.6 5.71035e-17 5.31692e-09
-17.5 8.6517e-17 5.37343e-09
-17.4 1.30769e-16 5.42429e-09
-17.3 1.97187e-16 5.46997e-09
-17.2 2.96629e-16 5.51092e-09
-17.1 4.45161e-16 5.54758e-09
-17 6.66478e-16 5.58032e-09
-16.9 9.95453e-16 5.60951e-09
-16.8 1.48327e-15 5.63548e-09
-16.7 2.2049e-15 5.65856e-09
-16.6 3.2698e-15 5.67902e-09
-16.5 4.83749e-15 5.69712e-09
-16.4 7.13977e-15 5.71312e-09
-16.3 1.05127e-14 5.72723e-09
-16.2 1.54423e-14 5.73965e-09
-16.1 2.26295e-14 5.75057e-09
-16 3.30828e-14 5.76016e-09
-15.9 4.825e-14 5.76857e-09
-15.8 7.02033e-14 5.77596e-09
-15.7 1.01902e-13 5.78246e-09
-15.6 1.47563e-13 5.78818e-09
-15.5 2.13174e-13 5.79326e-09
-15.4 3.07227e-13 5.79781e-09
-15.3 4.41722e-13 5.80194e-09
-15.2 6.33586e-13 5.8058e-09
-15.1 9.06625e-13 5.8095e-09
-15 1.29424e-12 5.81322e-09
-14.9 1.84319e-12 5.81714e-09
-14.8 2.61872e-12 5.82149e-09
-14.7 3.71173e-12 5.82655e-09
-14.6 5.24841e-12 5.83272e-09
-14.5 7.40365e-12 5.84046e-09
-14.4 1.04191e-11 5.85042e-09
-14.3 1.46278e-11 5.86344e-09
-14.2 2.04878e-11 5.88064e-09
-14.1 2.86271e-11 5.90348e-09
-14 3.99048e-11 5.93392e-09
-13.9 5.54931e-11 5.97456e-09
-13.8 7.69873e-11 6.0288e-09
-13.7 1.06553e-10 6.10117e-09
-13.6 1.47122e-10 6.19764e-09
-13.5 2.02653e-10 6.32604e-09
-13.4 2.78482e-10 6.49669e-09
-13.3 3.81775e-10 6.72312e-09
-13.2 5.22135e-10 7.02303e-09
-13.1 7.124e-10 7.41956e-09
-13 9.69687e-10 7.94287e-09
-12.9 1.31675e-09 8.6322e-09
-12.8 1.78379e-09 9.53853e-09
-12.7 2.41074e-09 1.07279e-08
-12.6 3.25028e-09 1.22857e-08
-12.5 4.37178e-09 1.43223e-08
-12.4 5.86626e-09 1.69795e-08
-12.3 7.85291e-09 2.04398e-08
-12.2 1.04874e-08 2.49373e-08
-12.1 1.39723e-08 3.07712e-08
-12 1.8571e-08 3.83241e-08
-11.9 2.46245e-08 4.8083e-08
-11.8 3.25736e-08 6.06675e-08
-11.7 4.29864e-08 7.68635e-08
-11.6 5.6593e-08 9.76659e-08
-11.5 7.43292e-08 1.24331e-07
-11.4 9.73918e-08 1.58444e-07
-11.3 1.27307e-07 2.01995e-07
-11.2 1.66014e-07 2.57485e-07
-11.1 2.15977e-07 3.28042e-07
-11 2.80307e-07 4.17574e-07
-10.9 3.62933e-07 5.30953e-07
-10.8 4.68797e-07 6.74234e-07
-10.7 6.04101e-07 8.54931e-07
-10.6 7.76605e-07 1.08234e-06
-10.5 9.95995e-07 1.36795e-06
-10.4 1.27432e-06 1.7259e-06
-10.3 1.62655e-06 2.17357e-06
-10.2 2.0712e-06 2.73228e-06
-10.1 2.63113e-06 3.4281e-06
-10 3.33449e-06 4.29283e-06
-9.9 4.21582e-06 5.36519e-06
-9.8 5.31741e-06 6.6922e-06
-9.7 6.6909e-06 8.33081e-06
-9.6 8.39914e-06 1.03498e-05
-9.5 1.05184e-05 1.28322e-05
-9.4 1.31411e-05 1.58775e-05
-9.3 1.63788e-05 1.96055e-05
-9.2 2.03655e-05 2.41591e-05
-9.1 2.52625e-05 2.9709e-05
-9 3.12624e-05 3.64582e-05
-8.9 3.85953e-05 4.46477e-05
-8.8 4.75348e-05 5.45628e-05
-8.7 5.84058e-05 6.65403e-05
-8.6 7.15922e-05 8.09768e-05
-8.5 8.75471e-05 9.83379e-05
-8.4 0.000106803 0.000119169
-8.3 0.000129984 0.000144107
-8.2 0.000157821 0.000173893
-8.1 0.000191164 0.000209389
-8 0.000230999 0.000251592
-7.9 0.000278473 0.000301654
-7.8 0.000334904 0.0003609
-7.7 0.000401813 0.000430852
-7.6 0.000480943 0.000513252
-7.5 0.000574287 0.000610088
-7.4 0.000684117 0.000723619
-7.3 0.000813014 0.00085641
-7.2 0.000963899 0.00101136
-7.1 0.00114007 0.00119173
-7 0.00134523 0.00140119
-6.9 0.00158354 0.00164385
-6.8 0.00185962 0.00192428
-6.7 0.00217865 0.00224758
-6.6 0.00254635 0.00261938
-6.5 0.00296902 0.00304592
-6.4 0.00345362 0.00353404
-6.3 0.00400775 0.00409125
-6.2 0.00463975 0.00472574
-6.1 0.00535862 0.00544642
-6 0.00617417 0.00626292
-5.9 0.00709691 0.00718563
-5.8 0.00813816 0.00822573
-5.7 0.00930999 0.00939512
-5.6 0.0106252 0.0107065
-5.5 0.0120974 0.0121733
-5.4 0.0137409 0.0138096
-5.3 0.0155704 0.0156302
-5.2 0.0176017 0.0176505
-5.1 0.0198505 0.0198864
-5 0.0223335 0.0223543
-4.9 0.0250673 0.0250709
-4.8 0.0280688 0.0280531
-4.7 0.031355 0.0313179
-4.6 0.0349426 0.034882
-4.5 0.0388481 0.0387621
-4.4 0.0430874 0.0429743
-4.3 0.0476757 0.0475339
-4.2 0.0526271 0.0524554
-4.1 0.0579546 0.0577521
-4 0.0636696 0.0634356
-3.9 0.0697819 0.0695163
-3.8 0.076299 0.0760021
-3.7 0.0832264 0.0828989
-3.6 0.0905669 0.0902101
-3.5 0.0983204 0.0979363
-3.4 0.106484 0.106075
-3.3 0.115051 0.11462
-3.2 0.124011 0.123562
-3.1 0.133352 0.132889
-3 0.143055 0.142582
-2.9 0.1531 0.152622
-2.8 0.163459 0.162983
-2.7 0.174105 0.173636
-2.6 0.185003 0.184548
-2.5 0.196116 0.19568
-2.4 0.207402 0.206993
-2.3 0.218816 0.21844
-2.2 0.230309 0.229972
-2.1 0.241829 0.241537
-2 0.253322 0.253081
-1.9 0.264729 0.264545
-1.8 0.275993 0.27587
-1.7 0.287051 0.286994
-1.6 0.297842 0.297854
-1.5 0.308305 0.308388
-1.4 0.318375 0.318531
-1.3 0.327993 0.328222
-1.2 0.337098 0.337399
-1.1 0.345632 0.346003
-1 0.353539 0.353978
-0.9 0.360767 0.36127
-0.8 0.367267 0.367829
-0.7 0.372995 0.373611
-0.6 0.377911 0.378574
-0.5 0.381982 0.382684
-0.4 0.385179 0.385912
-0.3 0.387478 0.388235
-0.2 0.388865 0.389635
-0.1 0.389328 0.390103
1.52933e-14 0.388865 0.389635
0.1 0.387478 0.388235
0.2 0.385179 0.385912
0.3 0.381982 0.382684
0.4 0.377911 0.378574
0.5 0.372995 0.373611
0.6 0.367267 0.367829
0.7 0.360767 0.36127
0.8 0.353539 0.353978
0.9 0.345632 0.346003
1 0.337098 0.337399
1.1 0.327993 0.328222
1.2 0.318375 0.318531
1.3 0.308305 0.308388
1.4 0.297842 0.297854
1.5 0.287051 0.286994
1.6 0.275993 0.27587
1.7 0.264729 0.264545
1.8 0.253322 0.253081
1.9 0.241829 0.241537
2 0.230309 0.229972
2.1 0.218816 0.21844
2.2 0.207402 0.206993
2.3 0.196116 0.19568
2.4 0.185003 0.184548
2.5 0.174105 0.173636
2.6 0.163459 0.162983
2.7 0.1531 0.152622
2.8 0.143055 0.142582
2.9 0.133352 0.132889
3 0.124011 0.123562
3.1 0.115051 0.11462
3.2 0.106484 0.106075
3.3 0.0983204 0.0979363
3.4 0.0905669 0.0902101
3.5 0.0832264 0.0828989
3.6 0.076299 0.0760021
3.7 0.0697819 0.0695163
3.8 0.0636696 0.0634356
3.9 0.0579546 0.0577521
4 0.0526271 0.0524554
4.1 0.0476757 0.0475339
4.2 0.0430874 0.0429743
4.3 0.0388481 0.0387621
4.4 0.0349426 0.034882
4.5 0.031355 0.0313179
4.6 0.0280688 0.0280531
4.7 0.0250673 0.0250709
4.8 0.0223335 0.0223543
4.9 0.0198505 0.0198864
5 0.0176017 0.0176505
5.1 0.0155704 0.0156302
5.2 0.0137409 0.0138096
5.3 0.0120974 0.0121733
5.4 0.0106252 0.0107065
5.5 0.00930999 0.00939512
5.6 0.00813816 0.00822573
5.7 0.00709691 0.00718563
5.8 0.00617417 0.00626292
5.9 0.00535862 0.00544642
6 0.00463975 0.00472574
6.1 0.00400775 0.00409125
6.2 0.00345362 0.00353404
6.3 0.00296902 0.00304592
6.4 0.00254635 0.00261938
6.5 0.00217865 0.00224758
6.6 0.00185962 0.00192428
6.7 0.00158354 0.00164385
6.8 0.00134523 0.00140119
6.9 0.00114007 0.00119173
7 0.000963899 0.00101136
7.1 0.000813014 0.00085641
7.2 0.000684117 0.000723619
7.3 0.000574287 0.000610088
7.4 0.000480943 0.000513252
7.5 0.000401813 0.000430852
7.6 0.000334904 0.0003609
7.7 0.000278473 0.000301654
7.8 0.000230999 0.000251592
7.9 0.000191164 0.000209389
8 0.000157821 0.000173893
8.1 0.000129984 0.000144107
8.2 0.000106803 0.000119169
8.3 8.75471e-05 9.83379e-05
8.4 7.15922e-05 8.09768e-05
8.5 5.84058e-05 6.65403e-05
8.6 4.75348e-05 5.45628e-05
8.7 3.85953e-05 4.46477e-05
8.8 3.12624e-05 3.64582e-05
8.9 2.52625e-05 2.9709e-05
9 2.03655e-05 2.41592e-05
9.1 1.63788e-05 1.96055e-05
9.2 1.31411e-05 1.58775e-05
9.3 1.05184e-05 1.28322e-05
9.4 8.39914e-06 1.03498e-05
9.5 6.6909e-06 8.33081e-06
9.6 5.31741e-06 6.6922e-06
9.7 4.21582e-06 5.36519e-06
9.8 3.33449e-06 4.29283e-06
9.9 2.63113e-06 3.4281e-06
10 2.0712e-06 2.73228e-06
10.1 1.62655e-06 2.17357e-06
10.2 1.27432e-06 1.7259e-06
10.3 9.95995e-07 1.36795e-06
10.4 7.76605e-07 1.08234e-06
10.5 6.04101e-07 8.54932e-07
10.6 4.68797e-07 6.74235e-07
10.7 3.62933e-07 5.30953e-07
10.8 2.80307e-07 4.17574e-07
10.9 2.15977e-07 3.28042e-07
11 1.66014e-07 2.57485e-07
11.1 1.27307e-07 2.01995e-07
11.2 9.73918e-08 1.58444e-07
11.3 7.43292e-08 1.24331e-07
11.4 5.6593e-08 9.76654e-08
11.5 4.29864e-08 7.68629e-08
11.6 3.25736e-08 6.06668e-08
11.7 2.46245e-08 4.80821e-08
11.8 1.8571e-08 3.83229e-08
11.9 1.39723e-08 3.07699e-08
12 1.04874e-08 2.49356e-08
12.1 7.85291e-09 2.04379e-08
12.2 5.86626e-09 1.69771e-08
12.3 4.37178e-09 1.43195e-08
12.4 3.25028e-09 1.22824e-08
12.5 2.41074e-09 1.0724e-08
12.6 1.78379e-09 9.53393e-09
12.7 1.31675e-09 8.62678e-09
12.8 9.69687e-10 7.9365e-09
12.9 7.124e-10 7.4121e-09
13 5.22135e-10 7.01429e-09
13.1 3.81775e-10 6.71291e-09
13.2 2.78482e-10 6.48479e-09
13.3 2.02653e-10 6.31218e-09
13.4 1.47122e-10 6.18154e-09
13.5 1.06553e-10 6.08251e-09
13.6 7.69873e-11 6.00721e-09
13.7 5.54931e-11 5.94962e-09
13.8 3.99048e-11 5.90518e-09
13.9 2.86271e-11 5.8704e-09
14 2.04878e-11 5.84265e-09
14.1 1.46278e-11 5.8199e-09
14.2 1.04191e-11 5.80061e-09
14.3 7.40365e-12 5.78357e-09
14.4 5.24841e-12 5.76788e-09
14.5 3.71173e-12 5.75279e-09
14.6 2.61872e-12 5.73773e-09
14.7 1.84319e-12 5.72221e-09
14.8 1.29424e-12 5.70583e-09
14.9 9.06625e-13 5.68825e-09
15 6.33586e-13 5.66914e-09
15.1 4.41722e-13 5.64821e-09
15.2 3.07227e-13 5.62519e-09
15.3 2.13174e-13 5.5998e-09
15.4 1.47563e-13 5.57176e-09
15.5 1.01902e-13 5.54079e-09
15.6 7.02033e-14 5.50661e-09
15.7 4.825e-14 5.46891e-09
15.8 3.30828e-14 5.42737e-09
15.9 2.26295e-14 5.38168e-09
16 1.54423e-14 5.33149e-09
16.1 1.05127e-14 5.27642e-09
16.2 7.13977e-15 5.21612e-09
16.3 4.83749e-15 5.15018e-09
16.4 3.2698e-15 5.07818e-09
16.5 2.2049e-15 4.9997e-09
16.6 1.48327e-15 4.91428e-09
16.7 9.95453e-16 4.82145e-09
16.8 6.66478e-16 4.72071e-09
16.9 4.45161e-16 4.61158e-09
17 2.96629e-16 4.49354e-09
17.1 1.97187e-16 4.36615e-09
17.2 1.30769e-16 4.22906e-09
17.3 8.6517e-17 4.0821e-09
17.4 5.71035e-17 3.92535e-09
17.5 3.76001e-17 3.75925e-09
17.6 2.46992e-17 3.58456e-09
17.7 1.61861e-17 3.40246e-09
17.8 1.0582e-17 3.21444e-09
17.9 6.90171e-18 3.0222e-09
18 4.4907e-18 2.82762e-09
18.1 2.91499e-18 2.63256e-09
18.2 1.88767e-18 2.43878e-09
18.3 1.21949e-18 2.24784e-09
18.4 7.8596e-19 2.06103e-09
18.5 5.05344e-19 1.87935e-09
18.6 3.24145e-19 1.70348e-09
18.7 2.07424e-19 1.53381e-09
18.8 1.32417e-19 1.37048e-09
18.9 8.43321e-20 1.21338e-09
19 5.35808e-20 1.06223e-09
19.1 3.39619e-20 9.16626e-10
19.2 2.14753e-20 7.76018e-10
19.3 1.35474e-20 6.39798e-10
19.4 8.52579e-21 5.07297e-10
19.5 5.3528e-21 3.77808e-10
19.6 3.35269e-21 2.50597e-10
19.7 2.09494e-21 1.24914e-10
