-20 1.59203e-72 2.05133e-10
-19.9 8.32426e-72 3.90747e-10
-19.8 4.3164e-71 5.55495e-10
-19.7 2.21962e-70 6.99804e-10
-19.6 1.13192e-69 8.24943e-10
-19.5 5.72449e-69 9.3255e-10
-19.4 2.87102e-68 1.02439e-09
-19.3 1.42796e-67 1.10221e-09
-19.2 7.04334e-67 1.1677e-09
-19.1 3.44525e-66 1.22246e-09
-19 1.67126e-65 1.26792e-09
-18.9 8.03986e-65 1.30542e-09
-18.8 3.8356e-64 1.33614e-09
-18.7 1.81468e-63 1.36114e-09
-18.6 8.51426e-63 1.38135e-09
-18.5 3.96164e-62 1.39757e-09
-18.4 1.82803e-61 1.41051e-09
-18.3 8.36513e-61 1.42075e-09
-18.2 3.79615e-60 1.42881e-09
-18.1 1.70842e-59 1.43511e-09
-18 7.62477e-59 1.44e-09
-17.9 3.37473e-58 1.44377e-09
-17.8 1.48127e-57 1.44666e-09
-17.7 6.44775e-57 1.44885e-09
-17.6 2.78333e-56 1.45051e-09
-17.5 1.19152e-55 1.45176e-09
-17.4 5.05846e-55 1.45269e-09
-17.3 2.12969e-54 1.45337e-09
-17.2 8.89192e-54 1.45388e-09
-17.1 3.68176e-53 1.45425e-09
-17 1.51181e-52 1.45452e-09
-16.9 6.15628e-52 1.45472e-09
-16.8 2.48611e-51 1.45486e-09
-16.7 9.95645e-51 1.45496e-09
-16.6 3.9543e-50 1.45503e-09
-16.5 1.55745e-49 1.45508e-09
-16.4 6.08332e-49 1.45511e-09
-16.3 2.35639e-48 1.45514e-09
-16.2 9.05182e-48 1.45516e-09
-16.1 3.4483e-47 1.45517e-09
-16 1.30273e-46 1.45517e-09
-15.9 4.88073e-46 1.45518e-09
-15.8 1.81341e-45 1.45518e-09
-15.7 6.68173e-45 1.45519e-09
-15.6 2.44153e-44 1.45519e-09
-15.5 8.84741e-44 1.45519e-09
-15.4 3.17945e-43 1.45519e-09
-15.3 1.1331e-42 1.45519e-09
-15.2 4.00465e-42 1.45519e-09
-15.1 1.40359e-41 1.45519e-09
-15 4.87866e-41 1.45519e-09
-14.9 1.68167e-40 1.45519e-09
-14.8 5.74857e-40 1.45519e-09
-14.7 1.94877e-39 1.45519e-09
-14.6 6.55154e-39 1.45519e-09
-14.5 2.18427e-38 1.45519e-09
-14.4 7.22188e-38 1.45519e-09
-14.3 2.36796e-37 1.45519e-09
-14.2 7.69982e-37 1.45519e-09
-14.1 2.48294e-36 1.45519e-09
-14 7.94025e-36 1.45519e-09
-13.9 2.51815e-35 1.45519e-09
-13.8 7.91975e-35 1.45519e-09
-13.7 2.47014e-34 1.45519e-09
-13.6 7.64033e-34 1.45519e-09
-13.5 2.3436e-33 1.45519e-09
-13.4 7.12913e-33 1.45519e-09
-13.3 2.15065e-32 1.45519e-09
-13.2 6.43405e-32 1.45519e-09
-13.1 1.90888e-31 1.45519e-09
-13 5.61637e-31 1.45519e-09
-12.9 1.63875e-30 1.45519e-09
-12.8 4.74188e-30 1.45519e-09
-12.7 1.36072e-29 1.45519e-09
-12.6 3.8723e-29 1.45519e-09
-12.5 1.09282e-28 1.45519e-09
-12.4 3.05852e-28 1.45519e-09
-12.3 8.48894e-28 1.45519e-09
-12.2 2.33656e-27 1.45519e-09
-12.1 6.37794e-27 1.45519e-09
-12 1.7265e-26 1.45519e-09
-11.9 4.6348e-26 1.45519e-09
-11.8 1.23389e-25 1.45519e-09
-11.7 3.25766e-25 1.45519e-09
-11.6 8.52931e-25 1.45519e-09
-11.5 2.21464e-24 1.45519e-09
-11.4 5.70261e-24 1.45519e-09
-11.3 1.45621e-23 1.45519e-09
-11.2 3.68771e-23 1.45519e-09
-11.1 9.26124e-23 1.45519e-09
-11 2.30655e-22 1.45519e-09
-10.9 5.69689e-22 1.45519e-09
-10.8 1.39538e-21 1.45519e-09
-10.7 3.38945e-21 1.45519e-09
-10.6 8.16482e-21 1.45519e-09
-10.5 1.95049e-20 1.45519e-09
-10.4 4.62087e-20 1.45519e-09
-10.3 1.08563e-19 1.45519e-09
-10.2 2.52944e-19 1.45519e-09
-10.1 5.84448e-19 1.45519e-09
-10 1.33921e-18 1.45519e-09
-9.9 3.04321e-18 1.4552e-09
-9.8 6.85798e-18 1.4552e-09
-9.7 1.53264e-17 1.4552e-09
-9.6 3.39678e-17 1.45521e-09
-9.5 7.46576e-17 1.45523e-09
-9.4 1.62728e-16 1.45526e-09
-9.3 3.51747e-16 1.4553e-09
-9.2 7.54015e-16 1.45538e-09
-9.1 1.60292e-15 1.45552e-09
-9 3.37926e-15 1.45576e-09
-8.9 7.06503e-15 1.45617e-09
-8.8 1.46483e-14 1.45686e-09
-8.7 3.0119e-14 1.45802e-09
-8.6 6.14152e-14 1.45998e-09
-8.5 1.24191e-13 1.46327e-09
-8.4 2.49051e-13 1.46878e-09
-8.3 4.95297e-13 1.47795e-09
-8.2 9.76841e-13 1.49319e-09
-8.1 1.91057e-12 1.51839e-09
-8 3.70581e-12 1.55991e-09
-7.9 7.12827e-12 1.62808e-09
-7.8 1.35977e-11 1.73952e-09
-7.7 2.57234e-11 1.921e-09
-7.6 4.82584e-11 2.21535e-09
-7.5 8.97836e-11 2.69079e-09
-7.4 1.65654e-10 3.45553e-09
-7.3 3.03102e-10 4.68042e-09
-7.2 5.49991e-10 6.63392e-09
-7.1 9.897e-10 9.73588e-09
-7 1.76617e-09 1.46397e-08
-6.9 3.12566e-09 2.23573e-08
-6.8 5.48571e-09 3.4448e-08
-6.7 9.54783e-09 5.33021e-08
-6.6 1.648e-08 8.25654e-08
-6.5 2.82092e-08 1.27768e-07
-6.4 4.78855e-08 1.97256e-07
-6.3 8.0612e-08 3.03552e-07
-6.2 1.34578e-07 4.65344e-07
-6.1 2.22809e-07 7.10361e-07
-6 3.65822e-07 1.07951e-06
-5.9 5.95646e-07 1.63278e-06
-5.8 9.61807e-07 2.45762e-06
-5.7 1.54017e-06 3.68074e-06
-5.6 2.44585e-06 5.48453e-06
-5.5 3.85187e-06 8.12997e-06
-5.4 6.01581e-06 1.19879e-05
-5.3 9.31748e-06 1.75821e-05
-5.2 1.43114e-05 2.56468e-05
-5.1 2.17996e-05 3.72045e-05
-5 3.29303e-05 5.36692e-05
-4.9 4.93313e-05 7.69819e-05
-4.8 7.32876e-05 0.000109787
-4.7 0.000107974 0.000155661
-4.6 0.000157757 0.000219403
-4.5 0.000228581 0.000307399
-4.4 0.000328452 0.00042808
-4.3 0.000468042 0.000592486
-4.2 0.000661422 0.000814942
-4.1 0.000926943 0.00111387
-4 0.00128827 0.00151277
-3.9 0.0017756 0.00204127
-3.8 0.00242695 0.00273643
-3.7 0.00328972 0.00364412
-3.6 0.0044222 0.00482047
-3.5 0.00589519 0.00633345
-3.4 0.0077936 0.0082644
-3.3 0.0102179 0.0107095
-3.2 0.013285 0.0137809
-3.1 0.0171295 0.0176078
-3 0.0219033 0.0223367
-2.9 0.027775 0.0281311
-2.8 0.0349285 0.0351701
-2.7 0.0435599 0.0436466
-2.6 0.0538734 0.053763
-2.5 0.0660758 0.0657269
-2.4 0.0803696 0.0797442
-2.3 0.0969443 0.0960111
-2.2 0.115967 0.114705
-2.1 0.13757 0.135973
-2 0.161845 0.159921
-1.9 0.188822 0.186602
-1.8 0.218467 0.216001
-1.7 0.25067 0.24803
-1.6 0.285232 0.28251
-1.5 0.321866 0.319173
-1.4 0.360192 0.357651
-1.3 0.399736 0.397478
-1.2 0.439939 0.438095
-1.1 0.480168 0.47886
-1 0.519727 0.51906
-0.9 0.557876 0.557932
-0.8 0.593856 0.594684
-0.7 0.62691 0.628523
-0.6 0.656312 0.658681
-0.5 0.681391 0.684449
-0.4 0.701558 0.705197
-0.3 0.716327 0.720407
-0.2 0.725337 0.729693
-0.1 0.728366 0.732816
1.52933e-14 0.725337 0.729693
0.1 0.716327 0.720407
0.2 0.701558 0.705197
0.3 0.681391 0.684449
0.4 0.656312 0.658681
0.5 0.62691 0.628523
0.6 0.593856 0.594684
0.7 0.557876 0.557932
0.8 0.519727 0.51906
0.9 0.480168 0.47886
1 0.439939 0.438095
1.1 0.399736 0.397478
1.2 0.360192 0.357651
1.3 0.321866 0.319173
1.4 0.285232 0.28251
1.5 0.25067 0.24803
1.6 0.218467 0.216001
1.7 0.188822 0.186602
1.8 0.161845 0.159921
1.9 0.13757 0.135973
2 0.115967 0.114705
2.1 0.0969443 0.0960111
2.2 0.0803696 0.0797442
2.3 0.0660758 0.0657269
2.4 0.0538734 0.053763
2.5 0.0435599 0.0436466
2.6 0.0349285 0.0351701
2.7 0.027775 0.0281311
2.8 0.0219033 0.0223367
2.9 0.0171295 0.0176078
3 0.013285 0.0137809
3.1 0.0102179 0.0107095
3.2 0.0077936 0.0082644
3.3 0.00589519 0.00633345
3.4 0.0044222 0.00482047
3.5 0.00328972 0.00364412
3.6 0.00242695 0.00273643
3.7 0.0017756 0.00204127
3.8 0.00128827 0.00151277
3.9 0.000926943 0.00111387
4 0.000661422 0.000814942
4.1 0.000468042 0.000592487
4.2 0.000328452 0.000428081
4.3 0.000228581 0.000307399
4.4 0.000157757 0.000219403
4.5 0.000107974 0.000155662
4.6 7.32876e-05 0.000109787
4.7 4.93313e-05 7.69819e-05
4.8 3.29303e-05 5.36692e-05
4.9 2.17996e-05 3.72045e-05
5 1.43114e-05 2.56468e-05
5.1 9.31748e-06 1.75821e-05
5.2 6.01581e-06 1.1988e-05
5.3 3.85187e-06 8.12998e-06
5.4 2.44585e-06 5.48454e-06
5.5 1.54017e-06 3.68074e-06
5.6 9.61807e-07 2.45763e-06
5.7 5.95646e-07 1.63278e-06
5.8 3.65822e-07 1.07951e-06
5.9 2.22809e-07 7.10362e-07
6 1.34578e-07 4.65345e-07
6.1 8.0612e-08 3.03553e-07
6.2 4.78855e-08 1.97257e-07
6.3 2.82092e-08 1.27769e-07
6.4 1.648e-08 8.25659e-08
6.5 9.54783e-09 5.33024e-08
6.6 5.48571e-09 3.44482e-08
6.7 3.12566e-09 2.23575e-08
6.8 1.76617e-09 1.46398e-08
6.9 9.897e-10 9.73596e-09
7 5.49991e-10 6.63398e-09
7.1 3.03102e-10 4.68046e-09
7.2 1.65654e-10 3.45556e-09
7.3 8.97836e-11 2.69081e-09
7.4 4.82584e-11 2.21536e-09
7.5 2.57234e-11 1.92101e-09
7.6 1.35977e-11 1.73953e-09
7.7 7.12827e-12 1.62808e-09
7.8 3.70581e-12 1.55992e-09
7.9 1.91057e-12 1.51839e-09
8 9.76841e-13 1.49319e-09
8.1 4.95297e-13 1.47795e-09
8.2 2.49051e-13 1.46878e-09
8.3 1.24191e-13 1.46327e-09
8.4 6.14152e-14 1.45998e-09
8.5 3.0119e-14 1.45802e-09
8.6 1.46483e-14 1.45686e-09
8.7 7.06503e-15 1.45617e-09
8.8 3.37926e-15 1.45576e-09
8.9 1.60292e-15 1.45552e-09
9 7.54015e-16 1.45538e-09
9.1 3.51747e-16 1.4553e-09
9.2 1.62728e-16 1.45526e-09
9.3 7.46576e-17 1.45523e-09
9.4 3.39678e-17 1.45521e-09
9.5 1.53264e-17 1.4552e-09
9.6 6.85798e-18 1.4552e-09
9.7 3.04321e-18 1.4552e-09
9.8 1.33921e-18 1.45519e-09
9.9 5.84448e-19 1.45519e-09
10 2.52944e-19 1.45519e-09
10.1 1.08563e-19 1.45519e-09
10.2 4.62087e-20 1.45519e-09
10.3 1.95049e-20 1.45519e-09
10.4 8.16482e-21 1.45519e-09
10.5 3.38945e-21 1.45519e-09
10.6 1.39538e-21 1.45519e-09
10.7 5.69689e-22 1.45519e-09
10.8 2.30655e-22 1.45519e-09
10.9 9.26124e-23 1.45519e-09
11 3.68771e-23 1.45519e-09
11.1 1.45621e-23 1.45519e-09
11.2 5.70261e-24 1.45519e-09
11.3 2.21464e-24 1.45519e-09
11.4 8.52931e-25 1.45519e-09
11.5 3.25766e-25 1.45519e-09
11.6 1.23389e-25 1.45519e-09
11.7 4.6348e-26 1.45519e-09
11.8 1.7265e-26 1.45519e-09
11.9 6.37794e-27 1.45519e-09
12 2.33656e-27 1.45519e-09
12.1 8.48894e-28 1.45519e-09
12.2 3.05852e-28 1.45519e-09
12.3 1.09282e-28 1.45519e-09
12.4 3.8723e-29 1.45519e-09
12.5 1.36072e-29 1.45519e-09
12.6 4.74188e-30 1.45519e-09
12.7 1.63875e-30 1.45519e-09
12.8 5.61637e-31 1.45519e-09
12.9 1.90888e-31 1.45519e-09
13 6.43405e-32 1.45519e-09
13.1 2.15065e-32 1.45519e-09
13.2 7.12913e-33 1.45519e-09
13.3 2.3436e-33 1.45519e-09
13.4 7.64033e-34 1.45519e-09
13.5 2.47014e-34 1.45519e-09
13.6 7.91975e-35 1.45518e-09
13.7 2.51815e-35 1.45518e-09
13.8 7.94025e-36 1.45518e-09
13.9 2.48294e-36 1.45517e-09
14 7.69982e-37 1.45516e-09
14.1 2.36796e-37 1.45514e-09
14.2 7.22188e-38 1.45512e-09
14.3 2.18427e-38 1.4551e-09
14.4 6.55154e-39 1.45505e-09
14.5 1.94877e-39 1.455e-09
14.6 5.74857e-40 1.45492e-09
14.7 1.68167e-40 1.45482e-09
14.8 4.87866e-41 1.45467e-09
14.9 1.40359e-41 1.45447e-09
15 4.00465e-42 1.45421e-09
15.1 1.1331e-42 1.45385e-09
15.2 3.17945e-43 1.45338e-09
15.3 8.84741e-44 1.45275e-09
15.4 2.44153e-44 1.45193e-09
15.5 6.68173e-45 1.45085e-09
15.6 1.81341e-45 1.44944e-09
15.7 4.88073e-46 1.44763e-09
15.8 1.30273e-46 1.4453e-09
15.9 3.4483e-47 1.44234e-09
16 9.05182e-48 1.43858e-09
16.1 2.35639e-48 1.43385e-09
16.2 6.08332e-49 1.42793e-09
16.3 1.55745e-49 1.42057e-09
16.4 3.9543e-50 1.41147e-09
16.5 9.95645e-51 1.4003e-09
16.6 2.48611e-51 1.38667e-09
16.7 6.15628e-52 1.37012e-09
16.8 1.51181e-52 1.35018e-09
16.9 3.68176e-53 1.32627e-09
17 8.89192e-54 1.29783e-09
17.1 2.12969e-54 1.26426e-09
17.2 5.05846e-55 1.22504e-09
17.3 1.19152e-55 1.17979e-09
17.4 2.78333e-56 1.12834e-09
17.5 6.44775e-57 1.07082e-09
17.6 1.48127e-57 1.00769e-09
17.7 3.37473e-58 9.39766e-10
17.8 7.62477e-59 8.68165e-10
17.9 1.70842e-59 7.9423e-10
18 3.79615e-60 7.1943e-10
18.1 8.36513e-61 6.45245e-10
18.2 1.82803e-61 5.73058e-10
18.3 3.96164e-62 5.04071e-10
18.4 8.51426e-63 4.39242e-10
18.5 1.81468e-63 3.79265e-10
18.6 3.8356e-64 3.24561e-10
18.7 8.03986e-65 2.75299e-10
18.8 1.67126e-65 2.31435e-10
18.9 3.44525e-66 1.92745e-10
19 7.04334e-67 1.58875e-10
19.1 1.42796e-67 1.29375e-10
19.2 2.87102e-68 1.03736e-10
19.3 5.72449e-69 8.14132e-11
19.4 1.13192e-69 6.18469e-11
19.5 2.21962e-70 4.44758e-11
19.6 4.3164e-71 2.87431e-11
19.7 8.32426e-72 1.4099e-11
