0 1 1
0.00478469 0.989583 0.989583
0.00956938 0.979256 0.979256
0.0143541 0.969019 0.969019
0.0191388 0.958872 0.958872
0.0239234 0.948812 0.948812
0.0287081 0.93884 0.93884
0.0334928 0.928955 0.928955
0.0382775 0.919156 0.919155
0.0430622 0.909441 0.909441
0.0478469 0.899811 0.899811
0.0526316 0.890264 0.890264
0.0574163 0.8808 0.8808
0.062201 0.871418 0.871418
0.0669856 0.862117 0.862117
0.0717703 0.852897 0.852897
0.076555 0.843757 0.843756
0.0813397 0.834695 0.834695
0.0861244 0.825712 0.825711
0.0909091 0.816806 0.816806
0.0956938 0.807977 0.807977
0.100478 0.799225 0.799224
0.105263 0.790548 0.790547
0.110048 0.781945 0.781945
0.114833 0.773417 0.773417
0.119617 0.764963 0.764962
0.124402 0.756581 0.75658
0.129187 0.748271 0.74827
0.133971 0.740032 0.740032
0.138756 0.731865 0.731864
0.143541 0.723768 0.723767
0.148325 0.71574 0.715739
0.15311 0.707781 0.70778
0.157895 0.699891 0.69989
0.162679 0.692068 0.692067
0.167464 0.684312 0.684311
0.172249 0.676623 0.676622
0.177033 0.669 0.668999
0.181818 0.661442 0.661441
0.186603 0.653949 0.653948
0.191388 0.64652 0.646519
0.196172 0.639154 0.639153
0.200957 0.631852 0.631851
0.205742 0.624612 0.624611
0.210526 0.617434 0.617433
0.215311 0.610317 0.610316
0.220096 0.603261 0.60326
0.22488 0.596265 0.596264
0.229665 0.589329 0.589328
0.23445 0.582453 0.582452
0.239234 0.575635 0.575634
0.244019 0.568875 0.568874
0.248804 0.562173 0.562172
0.253589 0.555528 0.555527
0.258373 0.54894 0.548939
0.263158 0.542408 0.542407
0.267943 0.535931 0.53593
0.272727 0.52951 0.529509
0.277512 0.523144 0.523143
0.282297 0.516832 0.516831
0.287081 0.510573 0.510572
0.291866 0.504368 0.504367
0.296651 0.498216 0.498215
0.301435 0.492116 0.492115
0.30622 0.486069 0.486067
0.311005 0.480072 0.480071
0.315789 0.474127 0.474126
0.320574 0.468233 0.468231
0.325359 0.462388 0.462387
0.330144 0.456594 0.456593
0.334928 0.450849 0.450847
0.339713 0.445152 0.445151
0.344498 0.439505 0.439504
0.349282 0.433905 0.433904
0.354067 0.428353 0.428352
0.358852 0.422849 0.422848
0.363636 0.417391 0.41739
0.368421 0.41198 0.411979
0.373206 0.406616 0.406614
0.37799 0.401297 0.401295
0.382775 0.396023 0.396022
0.38756 0.390794 0.390793
0.392344 0.38561 0.385609
0.397129 0.380471 0.380469
0.401914 0.375375 0.375374
0.406699 0.370323 0.370322
0.411483 0.365314 0.365313
0.416268 0.360348 0.360347
0.421053 0.355424 0.355423
0.425837 0.350543 0.350542
0.430622 0.345703 0.345702
0.435407 0.340905 0.340904
0.440191 0.336149 0.336147
0.444976 0.331433 0.331432
0.449761 0.326757 0.326756
0.454545 0.322122 0.322121
0.45933 0.317527 0.317526
0.464115 0.312971 0.31297
0.4689 0.308455 0.308454
0.473684 0.303977 0.303976
0.478469 0.299539 0.299537
0.483254 0.295138 0.295137
0.488038 0.290776 0.290775
0.492823 0.286452 0.28645
0.497608 0.282165 0.282163
0.502392 0.277915 0.277914
0.507177 0.273702 0.273701
0.511962 0.269526 0.269525
0.516746 0.265386 0.265385
0.521531 0.261283 0.261282
0.526316 0.257215 0.257214
0.5311 0.253183 0.253182
0.535885 0.249186 0.249185
0.54067 0.245225 0.245223
0.545455 0.241298 0.241297
0.550239 0.237405 0.237404
0.555024 0.233548 0.233546
0.559809 0.229724 0.229723
0.564593 0.225934 0.225933
0.569378 0.222177 0.222176
0.574163 0.218454 0.218453
0.578947 0.214765 0.214764
0.583732 0.211108 0.211107
0.588517 0.207484 0.207482
0.593301 0.203892 0.203891
0.598086 0.200332 0.200331
0.602871 0.196805 0.196804
0.607656 0.193309 0.193308
0.61244 0.189845 0.189844
0.617225 0.186413 0.186412
0.62201 0.183011 0.18301
0.626794 0.179641 0.17964
0.631579 0.176301 0.1763
0.636364 0.172992 0.172991
0.641148 0.169714 0.169713
0.645933 0.166465 0.166464
0.650718 0.163247 0.163246
0.655502 0.160059 0.160058
0.660287 0.1569 0.156899
0.665072 0.15377 0.153769
0.669856 0.15067 0.150669
0.674641 0.147599 0.147598
0.679426 0.144557 0.144557
0.684211 0.141544 0.141543
0.688995 0.13856 0.138559
0.69378 0.135604 0.135603
0.698565 0.132676 0.132675
0.703349 0.129776 0.129775
0.708134 0.126905 0.126904
0.712919 0.124061 0.12406
0.717703 0.121245 0.121244
0.722488 0.118456 0.118455
0.727273 0.115695 0.115694
0.732057 0.112961 0.11296
0.736842 0.110254 0.110253
0.741627 0.107574 0.107574
0.746411 0.104921 0.10492
0.751196 0.102295 0.102294
0.755981 0.0996951 0.0996943
0.760766 0.0971218 0.097121
0.76555 0.0945747 0.094574
0.770335 0.0920538 0.0920531
0.77512 0.089559 0.0895583
0.779904 0.0870902 0.0870895
0.784689 0.0846472 0.0846465
0.789474 0.0822299 0.0822292
0.794258 0.0798382 0.0798375
0.799043 0.0774719 0.0774713
0.803828 0.0751311 0.0751305
0.808612 0.0728156 0.0728149
0.813397 0.0705252 0.0705246
0.818182 0.0682599 0.0682593
0.822967 0.0660196 0.066019
0.827751 0.0638042 0.0638036
0.832536 0.0616136 0.061613
0.837321 0.0594477 0.0594471
0.842105 0.0573064 0.0573058
0.84689 0.0551896 0.0551891
0.851675 0.0530973 0.0530968
0.856459 0.0510293 0.0510288
0.861244 0.0489856 0.0489851
0.866029 0.0469661 0.0469656
0.870813 0.0449707 0.0449703
0.875598 0.0429994 0.042999
0.880383 0.0410521 0.0410517
0.885167 0.0391287 0.0391282
0.889952 0.0372291 0.0372287
0.894737 0.0353533 0.0353529
0.899522 0.0335012 0.0335009
0.904306 0.0316728 0.0316725
0.909091 0.029868 0.0298677
0.913876 0.0280868 0.0280865
0.91866 0.026329 0.0263287
0.923445 0.0245947 0.0245944
0.92823 0.0228838 0.0228835
0.933014 0.0211962 0.0211959
0.937799 0.0195319 0.0195317
0.942584 0.0178909 0.0178907
0.947368 0.0162731 0.0162729
0.952153 0.0146784 0.0146783
0.956938 0.013107 0.0131068
0.961722 0.0115586 0.0115584
0.966507 0.0100333 0.0100331
0.971292 0.00853101 0.0085309
0.976077 0.00705177 0.00705168
0.980861 0.00559553 0.00559545
0.985646 0.00416224 0.00416219
0.990431 0.00275191 0.00275187
0.995215 0.0013645 0.00136448
1 0 -1.15997e-15
