   -9.542425e-01    -3.188802e+00    -5.794777e+00
   -2.037426e+00    -5.350955e+00    -1.012458e+01
   -2.320146e+00    -5.916374e+00    -1.125378e+01
   -2.489958e+00    -6.255995e+00    -1.200056e+01
   -2.611723e+00    -6.499523e+00    -1.286310e+01
   -2.706718e+00    -6.689512e+00    -1.260347e+01
   -2.784617e+00    -6.845313e+00    -1.230094e+01
   -2.850646e+00    -6.977369e+00    -1.223505e+01
   -2.907949e+00    -7.091980e+00    -1.187143e+01
   -2.958564e+00    -7.193191e+00    -1.193033e+01
   -3.003891e+00    -7.283857e+00    -1.203447e+01
   -3.044932e+00    -7.365959e+00    -1.158697e+01
   -3.082426e+00    -7.440929e+00    -1.259780e+01
   -3.116940e+00    -7.509954e+00    -1.169849e+01
   -3.148911e+00    -7.573911e+00    -1.243753e+01
   -3.178689e+00    -7.633453e+00    -1.229482e+01
   -3.206556e+00    -7.689297e+00    -1.155953e+01
   -3.232742e+00    -7.741559e+00    -1.169902e+01
   -3.257439e+00    -7.790747e+00    -1.194571e+01
   -3.280806e+00    -7.837814e+00    -1.141275e+01
   -3.302980e+00    -7.881995e+00    -1.164001e+01
   -3.324077e+00    -7.924241e+00    -1.142135e+01
   -3.344196e+00    -7.964469e+00    -1.096893e+01
   -3.363424e+00    -8.002919e+00    -1.109478e+01
   -3.381837e+00    -8.039734e+00    -1.112480e+01
   -3.399501e+00    -8.076047e+00    -1.137225e+01
   -3.416474e+00    -8.109747e+00    -1.120375e+01
   -3.432809e+00    -8.141227e+00    -1.084146e+01
   -3.448552e+00    -8.173396e+00    -1.096544e+01
   -3.463744e+00    -8.203534e+00    -1.089723e+01
   -3.478422e+00    -8.233526e+00    -1.062229e+01
   -3.492621e+00    -8.261307e+00    -1.079669e+01
   -3.506370e+00    -8.290575e+00    -1.145496e+01
   -3.519697e+00    -8.315473e+00    -1.098146e+01
   -3.532627e+00    -8.341396e+00    -1.070725e+01
   -3.545183e+00    -8.362862e+00    -1.069752e+01
   -3.557387e+00    -8.394275e+00    -1.045417e+01
   -3.569257e+00    -8.417357e+00    -1.172692e+01
   -3.580811e+00    -8.437685e+00    -1.063120e+01
   -3.592066e+00    -8.461548e+00    -1.110953e+01
   -3.603036e+00    -8.482645e+00    -1.072638e+01
   -3.613736e+00    -8.503576e+00    -1.062697e+01
   -3.624179e+00    -8.524642e+00    -1.028092e+01
   -3.634376e+00    -8.541597e+00    -1.043017e+01
   -3.644340e+00    -8.564760e+00    -1.094953e+01
   -3.654080e+00    -8.590721e+00    -1.198105e+01
   -3.663607e+00    -8.603283e+00    -1.140037e+01
   -3.672929e+00    -8.622061e+00    -1.218227e+01
   -3.682055e+00    -8.640239e+00    -1.062513e+01
   -3.690993e+00    -8.657982e+00    -1.122346e+01
   -3.699751e+00    -8.675647e+00    -1.104614e+01
   -3.708336e+00    -8.692597e+00    -1.023269e+01
   -3.716754e+00    -8.709655e+00    -1.088574e+01
   -3.725013e+00    -8.735996e+00    -1.023196e+01
   -3.733117e+00    -8.750192e+00    -1.044922e+01
   -3.741073e+00    -8.764430e+00    -1.035805e+01
   -3.748885e+00    -8.781605e+00    -1.028094e+01
   -3.756560e+00    -8.792763e+00    -1.039559e+01
   -3.764101e+00    -8.804820e+00    -1.061035e+01
   -3.771514e+00    -8.819047e+00    -1.077537e+01
   -3.778802e+00    -8.833261e+00    -1.023565e+01
   -3.785970e+00    -8.861724e+00    -1.029024e+01
   -3.793022e+00    -8.861808e+00    -1.140622e+01
   -3.799961e+00    -8.876397e+00    -1.017934e+01
   -3.806790e+00    -8.889691e+00    -1.111469e+01
   -3.813514e+00    -8.933405e+00    -1.013053e+01
   -3.820136e+00    -8.941916e+00    -1.150051e+01
   -3.826658e+00    -8.929581e+00    -1.072175e+01
   -3.833083e+00    -8.942152e+00    -1.064139e+01
   -3.839415e+00    -9.010287e+00    -1.026379e+01
   -3.845656e+00    -8.913913e+00    -1.072457e+01
   -3.851809e+00    -8.979167e+00    -9.939705e+00
   -3.857875e+00    -8.991712e+00    -1.006625e+01
   -3.863858e+00    -9.003315e+00    -1.000170e+01
   -3.869760e+00    -9.062801e+00    -1.009600e+01
   -3.875582e+00    -8.988965e+00    -1.003575e+01
   -3.881328e+00    -9.073715e+00    -9.969193e+00
   -3.886998e+00    -9.022195e+00    -1.075507e+01
   -3.892595e+00    -9.040092e+00    -9.974187e+00
   -3.898122e+00    -9.025081e+00    -1.049924e+01
   -3.903578e+00    -9.105218e+00    -9.992053e+00
   -3.908967e+00    -9.099722e+00    -1.004235e+01
   -3.914290e+00    -9.104977e+00    -1.029933e+01
   -3.919549e+00    -9.115526e+00    -1.025854e+01
   -3.924744e+00    -9.125520e+00    -1.010202e+01
   -3.929879e+00    -9.136151e+00    -1.016146e+01
   -3.934953e+00    -9.144926e+00    -1.013252e+01
   -3.939968e+00    -9.156629e+00    -1.027813e+01
   -3.944927e+00    -9.094313e+00    -1.038370e+01
   -3.949829e+00    -9.093332e+00    -1.025872e+01
   -3.954677e+00    -9.185900e+00    -1.051798e+01
   -3.959471e+00    -9.195610e+00    -1.001795e+01
   -3.964212e+00    -9.205742e+00    -1.000608e+01
   -3.968903e+00    -9.210757e+00    -1.111500e+01
   -3.973543e+00    -9.320906e+00    -9.959334e+00
   -3.978135e+00    -9.164054e+00    -1.087322e+01
   -3.982678e+00    -9.305461e+00    -1.003854e+01
   -3.987175e+00    -9.250322e+00    -9.908967e+00
   -3.991625e+00    -9.605069e+00    -9.728309e+00
   -3.996030e+00    -9.285407e+00    -9.586343e+00
   -4.000391e+00    -9.621815e+00    -9.767999e+00
   -4.004708e+00    -9.272473e+00    -9.909983e+00
   -4.008983e+00    -9.639095e+00    -1.036625e+01
   -4.013217e+00    -9.262191e+00    -1.001627e+01
   -4.017409e+00    -9.257525e+00    -1.010134e+01
   -4.021561e+00    -9.251266e+00    -9.597016e+00
   -4.025674e+00    -9.424457e+00    -9.610054e+00
   -4.029749e+00    -9.452511e+00    -9.577781e+00
   -4.033786e+00    -9.691136e+00    -1.015930e+01
   -4.037785e+00    -9.700449e+00    -1.002987e+01
   -4.041748e+00    -9.230374e+00    -1.106305e+01
   -4.045675e+00    -9.710331e+00    -1.008144e+01
   -4.049567e+00    -9.607835e+00    -9.870611e+00
   -4.053424e+00    -9.725609e+00    -1.016433e+01
   -4.057248e+00    -9.735949e+00    -1.002628e+01
   -4.061038e+00    -9.211286e+00    -1.036402e+01
   -4.064795e+00    -9.750607e+00    -9.404314e+00
   -4.068520e+00    -9.684697e+00    -1.030790e+01
   -4.072213e+00    -9.773058e+00    -9.432566e+00
   -4.075875e+00    -9.777702e+00    -9.463326e+00
   -4.079507e+00    -9.784178e+00    -1.027624e+01
   -4.083108e+00    -9.512229e+00    -9.786241e+00
   -4.086680e+00    -1.036913e+01    -9.478067e+00
   -4.090223e+00    -9.797378e+00    -1.067183e+01
   -4.093737e+00    -9.811259e+00    -9.561140e+00
   -4.097223e+00    -9.806319e+00    -9.582474e+00
   -4.100681e+00    -9.373197e+00    -9.533057e+00
   -4.104111e+00    -9.839372e+00    -9.628630e+00
   -4.107515e+00    -9.824690e+00    -9.659873e+00
   -4.110893e+00    -9.842322e+00    -1.040590e+01
   -4.114244e+00    -9.845097e+00    -9.713905e+00
   -4.117570e+00    -9.855634e+00    -9.746204e+00
   -4.120870e+00    -9.389255e+00    -9.477564e+00
   -4.124145e+00    -9.856792e+00    -9.798506e+00
   -4.127396e+00    -9.870808e+00    -9.833510e+00
   -4.130623e+00    -9.217419e+00    -9.978246e+00
   -4.133826e+00    -9.893411e+00    -9.908984e+00
   -4.137006e+00    -1.048179e+01    -9.608119e+00
   -4.140162e+00    -9.905791e+00    -9.953728e+00
   -4.143296e+00    -9.089669e+00    -1.066409e+01
   -4.146407e+00    -9.917532e+00    -9.273221e+00
   -4.149496e+00    -9.914455e+00    -9.896163e+00
   -4.152564e+00    -9.928069e+00    -9.272829e+00
   -4.155609e+00    -9.172217e+00    -1.006424e+01
   -4.158634e+00    -9.933513e+00    -9.833825e+00
   -4.161637e+00    -9.957380e+00    -9.274721e+00
   -4.164620e+00    -9.243584e+00    -9.892585e+00
   -4.167583e+00    -9.957626e+00    -9.792436e+00
   -4.170526e+00    -9.966298e+00    -9.267991e+00
   -4.173449e+00    -9.974539e+00    -9.268513e+00
   -4.176352e+00    -9.351500e+00    -9.277460e+00
   -4.179236e+00    -9.378257e+00    -9.687041e+00
   -4.182101e+00    -9.243201e+00    -1.046496e+01
   -4.184947e+00    -9.445675e+00    -9.334015e+00
   -4.187774e+00    -9.483363e+00    -9.616893e+00
   -4.190584e+00    -9.518132e+00    -9.594832e+00
   -4.193375e+00    -1.000658e+01    -1.049370e+01
   -4.196149e+00    -9.614958e+00    -9.562189e+00
   -4.198904e+00    -9.654378e+00    -9.545099e+00
   -4.201643e+00    -9.507749e+00    -9.347858e+00
   -4.204364e+00    -1.002479e+01    -9.402694e+00
   -4.207069e+00    -1.003542e+01    -9.414239e+00
   -4.209756e+00    -9.792643e+00    -9.495787e+00
   -4.212427e+00    -9.971376e+00    -9.466970e+00
   -4.215082e+00    -1.003559e+01    -9.260178e+00
   -4.217721e+00    -1.001691e+01    -9.177435e+00
   -4.220343e+00    -1.002802e+01    -9.287086e+00
   -4.222950e+00    -1.007171e+01    -9.315150e+00
   -4.225542e+00    -1.006940e+01    -9.164391e+00
   -4.228118e+00    -1.006034e+01    -9.351910e+00
   -4.230679e+00    -1.007023e+01    -9.376389e+00
   -4.233225e+00    -9.633536e+00    -9.182464e+00
   -4.235756e+00    -1.009898e+01    -9.408534e+00
   -4.238272e+00    -1.012022e+01    -9.433982e+00
   -4.240774e+00    -1.007758e+01    -9.141077e+00
   -4.243261e+00    -9.278537e+00    -9.103765e+00
   -4.245735e+00    -9.249853e+00    -9.114380e+00
   -4.248194e+00    -1.013317e+01    -9.134092e+00
   -4.250640e+00    -1.014776e+01    -9.547638e+00
   -4.253071e+00    -1.013890e+01    -9.570390e+00
   -4.255490e+00    -1.012724e+01    -9.125597e+00
   -4.257894e+00    -1.014358e+01    -9.635341e+00
   -4.260286e+00    -1.018977e+01    -9.682951e+00
   -4.262665e+00    -9.100605e+00    -1.043088e+01
   -4.265030e+00    -1.017983e+01    -9.723667e+00
   -4.267383e+00    -1.014507e+01    -9.767610e+00
   -4.269723e+00    -9.188981e+00    -9.732340e+00
   -4.272051e+00    -1.020408e+01    -9.865124e+00
   -4.274366e+00    -9.366943e+00    -9.429732e+00
   -4.276669e+00    -1.013037e+01    -9.247889e+00
   -4.278959e+00    -1.016310e+01    -1.000465e+01
   -4.281238e+00    -1.019916e+01    -1.005551e+01
   -4.283505e+00    -1.015404e+01    -9.289832e+00
   -4.285760e+00    -1.019117e+01    -1.028415e+01
   -4.288003e+00    -1.018504e+01    -1.031733e+01
   -4.290235e+00    -9.834681e+00    -8.986093e+00
   -4.292455e+00    -8.987278e+00    -9.702013e+00
   -4.294665e+00    -8.885930e+00    -8.908049e+00
   -4.296863e+00    -1.021842e+01    -9.392860e+00
   -4.299049e+00    -8.891854e+00    -8.916635e+00
   -4.301225e+00    -8.902733e+00    -1.037859e+01
   -4.303390e+00    -8.902040e+00    -9.431814e+00
   -4.305545e+00    -8.925645e+00    -9.976017e+00
   -4.307689e+00    -8.906921e+00    -8.951147e+00
   -4.309822e+00    -1.018603e+01    -9.496802e+00
   -4.311944e+00    -9.980515e+00    -9.623969e+00
   -4.314057e+00    -9.043043e+00    -9.994516e+00
   -4.316159e+00    -9.771659e+00    -8.967414e+00
   -4.318251e+00    -1.024580e+01    -8.998934e+00
   -4.320333e+00    -9.619719e+00    -9.393212e+00
   -4.322405e+00    -9.083021e+00    -8.995465e+00
   -4.324468e+00    -8.949049e+00    -9.028329e+00
   -4.326520e+00    -9.129810e+00    -9.270683e+00
   -4.328563e+00    -8.950246e+00    -9.743508e+00
   -4.330596e+00    -1.034775e+01    -9.057303e+00
   -4.332620e+00    -8.962051e+00    -9.060153e+00
   -4.334635e+00    -1.025216e+01    -9.818952e+00
   -4.336640e+00    -8.966973e+00    -9.084042e+00
   -4.338636e+00    -1.026437e+01    -9.096598e+00
   -4.340623e+00    -9.270284e+00    -9.264929e+00
   -4.342600e+00    -1.032456e+01    -9.112041e+00
   -4.344569e+00    -8.980530e+00    -9.126060e+00
   -4.346529e+00    -9.566532e+00    -9.628345e+00
   -4.348480e+00    -8.994859e+00    -9.144578e+00
   -4.350422e+00    -9.519596e+00    -9.016849e+00
   -4.352356e+00    -9.104025e+00    -9.795125e+00
   -4.354281e+00    -9.879429e+00    -9.310395e+00
   -4.356198e+00    -9.080450e+00    -9.302381e+00
   -4.358106e+00    -1.015397e+01    -1.002085e+01
   -4.360006e+00    -9.013225e+00    -9.206581e+00
   -4.361898e+00    -1.022266e+01    -9.301062e+00
   -4.363781e+00    -9.013140e+00    -1.158350e+01
   -4.365656e+00    -8.733747e+00    -8.917397e+00
   -4.367524e+00    -9.066097e+00    -9.230244e+00
   -4.369383e+00    -1.031160e+01    -1.054239e+01
   -4.371234e+00    -9.035855e+00    -9.195847e+00
   -4.373078e+00    -8.755518e+00    -8.958925e+00
   -4.374913e+00    -9.301185e+00    -8.882021e+00
   -4.376741e+00    -9.380229e+00    -9.180341e+00
   -4.378561e+00    -9.054533e+00    -9.166975e+00
   -4.380374e+00    -8.909322e+00    -9.461240e+00
   -4.382179e+00    -9.098743e+00    -9.142745e+00
   -4.383977e+00    -9.196751e+00    -9.511526e+00
   -4.385767e+00    -9.069133e+00    -8.835433e+00
   -4.387550e+00    -8.776521e+00    -9.063389e+00
   -4.389326e+00    -9.116623e+00    -9.111627e+00
   -4.391094e+00    -1.043886e+01    -9.598907e+00
   -4.392855e+00    -8.827059e+00    -8.818340e+00
   -4.394609e+00    -8.792643e+00    -9.118563e+00
   -4.396356e+00    -9.598501e+00    -9.555411e+00
   -4.398096e+00    -1.030940e+01    -9.143066e+00
   -4.399829e+00    -9.093237e+00    -9.065200e+00
   -4.401556e+00    -8.805860e+00    -9.450676e+00
   -4.403275e+00    -9.143089e+00    -9.063004e+00
   -4.404988e+00    -8.905322e+00    -9.218280e+00
   -4.406693e+00    -9.028802e+00    -9.780713e+00
   -4.408393e+00    -9.706370e+00    -8.970344e+00
   -4.410085e+00    -9.044160e+00    -9.355760e+00
   -4.411771e+00    -8.866029e+00    -9.021924e+00
   -4.413451e+00    -9.126960e+00    -9.030436e+00
   -4.415124e+00    -1.004683e+01    -8.996923e+00
   -4.416790e+00    -9.198138e+00    -9.423866e+00
   -4.418450e+00    -8.916272e+00    -8.950747e+00
   -4.420104e+00    -9.362476e+00    -9.733993e+00
   -4.421752e+00    -9.506240e+00    -9.227032e+00
   -4.423393e+00    -8.972964e+00    -1.042746e+01
   -4.425029e+00    -1.044278e+01    -9.463171e+00
   -4.426658e+00    -8.971428e+00    -9.836851e+00
   -4.428281e+00    -8.857817e+00    -9.521217e+00
   -4.429898e+00    -9.195892e+00    -8.982044e+00
   -4.431509e+00    -1.037455e+01    -9.204927e+00
   -4.433113e+00    -9.158261e+00    -8.967938e+00
   -4.434713e+00    -8.875624e+00    -9.611369e+00
   -4.436306e+00    -8.918742e+00    -8.907437e+00
   -4.437893e+00    -9.313379e+00    -9.148649e+00
   -4.439475e+00    -8.943024e+00    -9.005163e+00
   -4.441051e+00    -8.883527e+00    -8.729649e+00
   -4.442621e+00    -9.608046e+00    -8.976390e+00
   -4.444185e+00    -8.662319e+00    -9.694442e+00
   -4.445744e+00    -8.796929e+00    -9.581530e+00
   -4.447298e+00    -8.968040e+00    -8.658911e+00
   -4.448845e+00    -8.761011e+00    -8.841457e+00
   -4.450388e+00    -8.608418e+00    -9.121200e+00
   -4.451925e+00    -8.746607e+00    -8.906409e+00
   -4.453456e+00    -8.918696e+00    -8.624341e+00
   -4.454982e+00    -8.738669e+00    -9.392663e+00
   -4.456503e+00    -1.042027e+01    -8.630672e+00
   -4.458018e+00    -8.798872e+00    -8.857711e+00
   -4.459528e+00    -8.947021e+00    -8.826398e+00
   -4.461033e+00    -8.696519e+00    -9.081307e+00
   -4.462533e+00    -9.454051e+00    -9.383178e+00
   -4.464027e+00    -9.617039e+00    -9.193798e+00
   -4.465517e+00    -8.931966e+00    -9.917846e+00
   -4.467001e+00    -8.761648e+00    -8.898810e+00
   -4.468480e+00    -8.764612e+00    -9.068740e+00
   -4.469954e+00    -9.226299e+00    -9.021506e+00
   -4.471424e+00    -8.766862e+00    -8.841665e+00
   -4.472888e+00    -8.978376e+00    -8.855417e+00
   -4.474347e+00    -9.187101e+00    -9.329681e+00
   -4.475802e+00    -9.826281e+00    -9.222792e+00
   -4.477252e+00    -8.953325e+00    -8.921745e+00
   -4.478696e+00    -9.527379e+00    -1.113835e+01
   -4.480136e+00    -8.900539e+00    -8.954730e+00
   -4.481572e+00    -8.909204e+00    -9.596418e+00
   -4.483002e+00    -8.984329e+00    -9.542844e+00
   -4.484428e+00    -8.762314e+00    -9.214161e+00
   -4.485849e+00    -9.004076e+00    -8.686494e+00
   -4.487266e+00    -8.821375e+00    -9.163123e+00
   -4.488678e+00    -9.969343e+00    -9.230262e+00
   -4.490085e+00    -8.790425e+00    -9.030333e+00
   -4.491488e+00    -1.072004e+01    -8.786304e+00
   -4.492886e+00    -8.881438e+00    -9.739033e+00
   -4.494280e+00    -9.651985e+00    -9.755613e+00
   -4.495669e+00    -9.324209e+00    -8.856351e+00
   -4.497054e+00    -8.867622e+00    -8.755182e+00
   -4.498435e+00    -9.070441e+00    -8.905107e+00
   -4.499811e+00    -9.343402e+00    -1.000810e+01
   -4.501183e+00    -8.707586e+00    -8.717761e+00
   -4.502550e+00    -1.041889e+01    -8.945899e+00
   -4.503913e+00    -9.929752e+00    -9.063330e+00
   -4.505272e+00    -9.237566e+00    -9.070824e+00
   -4.506627e+00    -9.346945e+00    -9.701280e+00
   -4.507977e+00    -8.722529e+00    -8.868522e+00
   -4.509324e+00    -8.860978e+00    -9.404565e+00
   -4.510666e+00    -8.958230e+00    -9.290038e+00
   -4.512004e+00    -8.817587e+00    -8.795753e+00
   -4.513337e+00    -1.034015e+01    -8.877793e+00
   -4.514667e+00    -9.339148e+00    -8.806069e+00
   -4.515993e+00    -9.054111e+00    -8.516265e+00
   -4.517315e+00    -8.499740e+00    -8.837277e+00
   -4.518632e+00    -8.739587e+00    -8.947044e+00
   -4.519946e+00    -8.649837e+00    -8.502368e+00
   -4.521256e+00    -8.583034e+00    -9.360678e+00
   -4.522562e+00    -8.884170e+00    -9.971720e+00
   -4.523863e+00    -1.052227e+01    -8.668721e+00
   -4.525161e+00    -9.342251e+00    -9.310473e+00
   -4.526456e+00    -8.587786e+00    -9.088538e+00
   -4.527746e+00    -9.411381e+00    -8.938303e+00
   -4.529032e+00    -9.079812e+00    -9.233583e+00
   -4.530315e+00    -8.903059e+00    -8.756860e+00
   -4.531594e+00    -9.783246e+00    -9.081855e+00
   -4.532869e+00    -8.684056e+00    -8.632380e+00
   -4.534140e+00    -8.477954e+00    -8.582940e+00
   -4.535408e+00    -8.540314e+00    -9.141335e+00
   -4.536672e+00    -9.103922e+00    -8.495231e+00
   -4.537932e+00    -8.537574e+00    -8.513015e+00
   -4.539189e+00    -8.790503e+00    -8.795049e+00
   -4.540442e+00    -8.691804e+00    -8.616799e+00
   -4.541692e+00    -8.620839e+00    -8.679042e+00
   -4.542937e+00    -8.911149e+00    -8.609785e+00
   -4.544180e+00    -1.098394e+01    -8.830507e+00
   -4.545418e+00    -9.396642e+00    -8.925303e+00
   -4.546654e+00    -8.626733e+00    -8.522948e+00
   -4.547885e+00    -9.441474e+00    -9.209550e+00
   -4.549114e+00    -8.816745e+00    -9.468837e+00
   -4.550338e+00    -8.945787e+00    -8.679280e+00
   -4.551560e+00    -8.522968e+00    -8.703132e+00
   -4.552778e+00    -8.723552e+00    -9.292685e+00
   -4.553992e+00    -9.145754e+00    -8.945282e+00
   -4.555203e+00    -8.583602e+00    -8.967332e+00
   -4.556411e+00    -9.141498e+00    -8.873908e+00
   -4.557615e+00    -8.579220e+00    -9.423319e+00
   -4.558817e+00    -8.737365e+00    -9.132977e+00
   -4.560014e+00    -9.086621e+00    -8.970550e+00
   -4.561209e+00    -8.660208e+00    -9.343081e+00
   -4.562400e+00    -8.954926e+00    -8.579092e+00
   -4.563588e+00    -1.069292e+01    -8.539147e+00
   -4.564773e+00    -9.430437e+00    -8.910452e+00
   -4.565954e+00    -8.662694e+00    -8.630176e+00
   -4.567132e+00    -9.457249e+00    -8.686132e+00
   -4.568307e+00    -8.859664e+00    -8.702745e+00
   -4.569479e+00    -8.852859e+00    -8.776783e+00
   -4.570648e+00    -9.139757e+00    -8.904795e+00
   -4.571814e+00    -9.255347e+00    -9.347809e+00
   -4.572976e+00    -8.557137e+00    -9.146380e+00
   -4.574135e+00    -8.622286e+00    -9.348466e+00
   -4.575292e+00    -8.871975e+00    -8.836171e+00
   -4.576445e+00    -8.948065e+00    -8.730422e+00
   -4.577595e+00    -8.858789e+00    -9.507513e+00
   -4.578742e+00    -8.705574e+00    -8.615255e+00
   -4.579886e+00    -8.698694e+00    -9.093115e+00
   -4.581028e+00    -8.995230e+00    -8.971361e+00
   -4.582166e+00    -1.099222e+01    -9.316852e+00
   -4.583301e+00    -8.756960e+00    -9.890967e+00
   -4.584433e+00    -9.187290e+00    -8.665210e+00
   -4.585562e+00    -9.498990e+00    -9.599988e+00
   -4.586689e+00    -8.606845e+00    -8.740309e+00
   -4.587812e+00    -9.015618e+00    -8.614522e+00
   -4.588932e+00    -9.199331e+00    -9.011093e+00
   -4.590050e+00    -8.799793e+00    -8.653655e+00
   -4.591165e+00    -8.592198e+00    -8.505573e+00
   -4.592277e+00    -8.841399e+00    -9.044219e+00
   -4.593386e+00    -9.220381e+00    -8.447411e+00
   -4.594492e+00    -8.465295e+00    -9.199675e+00
   -4.595595e+00    -8.899294e+00    -8.569913e+00
   -4.596696e+00    -8.469119e+00    -8.375572e+00
   -4.597794e+00    -8.739458e+00    -8.355055e+00
   -4.598889e+00    -8.905776e+00    -8.573726e+00
   -4.599981e+00    -1.066779e+01    -8.314983e+00
   -4.601071e+00    -9.525943e+00    -8.325166e+00
   -4.602158e+00    -8.518559e+00    -8.904526e+00
   -4.603242e+00    -9.560602e+00    -8.374526e+00
   -4.604323e+00    -8.925700e+00    -8.401885e+00
   -4.605402e+00    -8.407236e+00    -9.254663e+00
   -4.606478e+00    -9.404182e+00    -8.827457e+00
   -4.607552e+00    -8.486102e+00    -8.486911e+00
   -4.608622e+00    -8.633224e+00    -9.970966e+00
   -4.609690e+00    -8.692673e+00    -8.556534e+00
   -4.610756e+00    -8.977137e+00    -8.584568e+00
   -4.611819e+00    -8.584171e+00    -9.111485e+00
   -4.612879e+00    -8.751506e+00    -8.717293e+00
   -4.613937e+00    -8.839541e+00    -8.729021e+00
   -4.614992e+00    -8.540457e+00    -8.857797e+00
   -4.616045e+00    -9.055368e+00    -8.845686e+00
   -4.617095e+00    -8.344237e+00    -8.913661e+00
   -4.618142e+00    -8.908689e+00    -8.463295e+00
   -4.619187e+00    -8.748526e+00    -8.568215e+00
   -4.620230e+00    -8.375966e+00    -9.235380e+00
   -4.621270e+00    -8.486880e+00    -9.453273e+00
   -4.622307e+00    -9.096139e+00    -9.828542e+00
   -4.623342e+00    -8.590690e+00    -8.496292e+00
   -4.624375e+00    -8.395144e+00    -8.532001e+00
   -4.625405e+00    -9.087473e+00    -8.462675e+00
   -4.626433e+00    -8.610176e+00    -9.181792e+00
   -4.627458e+00    -8.476315e+00    -8.680790e+00
   -4.628481e+00    -9.085992e+00    -8.423618e+00
   -4.629501e+00    -8.805581e+00    -8.408471e+00
   -4.630519e+00    -8.519876e+00    -8.786140e+00
   -4.631535e+00    -8.803546e+00    -8.783269e+00
   -4.632548e+00    -8.582091e+00    -8.378064e+00
   -4.633559e+00    -1.080724e+01    -8.448093e+00
   -4.634568e+00    -9.535703e+00    -8.657285e+00
   -4.635574e+00    -8.448083e+00    -8.426288e+00
   -4.636578e+00    -8.628968e+00    -9.072418e+00
   -4.637580e+00    -8.516780e+00    -8.462373e+00
   -4.638579e+00    -8.476920e+00    -8.531240e+00
   -4.639576e+00    -8.566166e+00    -9.353515e+00
   -4.640571e+00    -8.758500e+00    -9.553105e+00
   -4.641563e+00    -8.698177e+00    -8.457756e+00
   -4.642554e+00    -8.755621e+00    -8.772461e+00
   -4.643542e+00    -8.456482e+00    -8.418772e+00
   -4.644527e+00    -8.648974e+00    -8.397996e+00
   -4.645511e+00    -8.526725e+00    -8.945266e+00
   -4.646492e+00    -8.584749e+00    -8.526723e+00
   -4.647471e+00    -8.604897e+00    -8.470430e+00
   -4.648448e+00    -8.497303e+00    -8.524659e+00
   -4.649422e+00    -8.786919e+00    -9.160591e+00
   -4.650395e+00    -8.510717e+00    -8.767461e+00
   -4.651365e+00    -8.839776e+00    -1.096769e+01
   -4.652333e+00    -8.759947e+00    -9.294927e+00
   -4.653299e+00    -8.423556e+00    -8.511567e+00
   -4.654263e+00    -8.637908e+00    -8.671927e+00
   -4.655225e+00    -9.610190e+00    -8.963240e+00
   -4.656184e+00    -9.292884e+00    -8.638928e+00
   -4.657142e+00    -8.890148e+00    -8.777034e+00
   -4.658097e+00    -8.804369e+00    -9.142992e+00
   -4.659051e+00    -9.357974e+00    -8.957039e+00
   -4.660002e+00    -8.787078e+00    -8.808295e+00
   -4.660951e+00    -8.895504e+00    -8.975800e+00
   -4.661898e+00    -8.647836e+00    -9.094591e+00
   -4.662843e+00    -8.807072e+00    -8.641634e+00
   -4.663786e+00    -8.551618e+00    -9.465987e+00
   -4.664727e+00    -9.992885e+00    -9.941628e+00
   -4.665665e+00    -9.687820e+00    -8.584739e+00
   -4.666602e+00    -8.305655e+00    -8.161758e+00
   -4.667537e+00    -9.691336e+00    -8.166319e+00
   -4.668470e+00    -8.182506e+00    -8.336896e+00
   -4.669401e+00    -8.536743e+00    -8.185271e+00
   -4.670329e+00    -8.513002e+00    -8.192110e+00
   -4.671256e+00    -8.332495e+00    -8.496738e+00
   -4.672181e+00    -8.276146e+00    -9.036230e+00
   -4.673104e+00    -8.260623e+00    -8.221578e+00
   -4.674025e+00    -8.518329e+00    -8.460061e+00
   -4.674944e+00    -8.422180e+00    -8.343126e+00
   -4.675861e+00    -8.517930e+00    -8.581011e+00
   -4.676776e+00    -8.237481e+00    -8.433255e+00
   -4.677689e+00    -8.489886e+00    -8.163885e+00
   -4.678600e+00    -9.182413e+00    -8.281314e+00
   -4.679510e+00    -8.769340e+00    -8.949895e+00
   -4.680417e+00    -8.882579e+00    -8.174402e+00
   -4.681323e+00    -8.886138e+00    -8.312046e+00
   -4.682226e+00    -8.447504e+00    -8.375266e+00
   -4.683128e+00    -8.601201e+00    -8.684498e+00
   -4.684028e+00    -8.536682e+00    -8.652874e+00
   -4.684926e+00    -8.211384e+00    -8.356229e+00
   -4.685822e+00    -8.257063e+00    -8.371221e+00
   -4.686717e+00    -8.781474e+00    -8.613349e+00
   -4.687609e+00    -8.735566e+00    -8.328377e+00
   -4.688500e+00    -9.407053e+00    -8.407232e+00
   -4.689389e+00    -8.839013e+00    -8.414240e+00
   -4.690276e+00    -9.088542e+00    -8.808289e+00
   -4.691161e+00    -8.259568e+00    -8.213012e+00
   -4.692045e+00    -8.365416e+00    -8.219565e+00
   -4.692926e+00    -8.589742e+00    -8.290387e+00
   -4.693806e+00    -8.456153e+00    -9.362054e+00
   -4.694684e+00    -8.527398e+00    -9.388134e+00
   -4.695560e+00    -8.247663e+00    -8.447227e+00
   -4.696435e+00    -8.214838e+00    -8.527983e+00
   -4.697308e+00    -8.330609e+00    -8.281589e+00
   -4.698179e+00    -8.433588e+00    -8.257329e+00
   -4.699048e+00    -8.316196e+00    -8.246451e+00
   -4.699916e+00    -8.668985e+00    -8.590537e+00
   -4.700782e+00    -8.812991e+00    -9.403172e+00
   -4.701646e+00    -8.866744e+00    -8.625261e+00
   -4.702508e+00    -8.465772e+00    -8.644538e+00
   -4.703369e+00    -8.229620e+00    -8.789503e+00
   -4.704228e+00    -8.616767e+00    -9.186618e+00
   -4.705085e+00    -8.994991e+00    -8.694219e+00
   -4.705941e+00    -8.720818e+00    -8.229364e+00
   -4.706795e+00    -9.304466e+00    -8.276510e+00
   -4.707647e+00    -8.683418e+00    -9.113878e+00
   -4.708497e+00    -8.703197e+00    -9.382459e+00
   -4.709346e+00    -8.750584e+00    -8.422842e+00
   -4.710194e+00    -8.548625e+00    -8.841638e+00
   -4.711039e+00    -8.579242e+00    -8.249072e+00
   -4.711883e+00    -8.276219e+00    -8.927188e+00
   -4.712725e+00    -9.436357e+00    -8.951133e+00
   -4.713566e+00    -9.067194e+00    -8.310050e+00
   -4.714405e+00    -8.835678e+00    -9.011684e+00
   -4.715243e+00    -8.383777e+00    -9.069351e+00
   -4.716079e+00    -8.267406e+00    -8.333781e+00
   -4.716913e+00    -9.026531e+00    -8.270800e+00
   -4.717745e+00    -8.305555e+00    -8.295975e+00
   -4.718576e+00    -8.368129e+00    -9.084283e+00
   -4.719406e+00    -8.995122e+00    -9.315500e+00
   -4.720234e+00    -8.808541e+00    -8.343268e+00
   -4.721060e+00    -8.251267e+00    -8.800952e+00
   -4.721885e+00    -8.318109e+00    -8.316381e+00
   -4.722708e+00    -9.169249e+00    -8.355410e+00
   -4.723530e+00    -9.786406e+00    -8.426313e+00
   -4.724350e+00    -8.319229e+00    -8.263422e+00
   -4.725168e+00    -8.730216e+00    -8.374712e+00
   -4.725985e+00    -8.619233e+00    -8.457439e+00
   -4.726801e+00    -9.571577e+00    -8.446014e+00
   -4.727614e+00    -9.506810e+00    -8.883112e+00
   -4.728427e+00    -8.532580e+00    -8.397238e+00
   -4.729238e+00    -8.942069e+00    -8.396270e+00
   -4.730047e+00    -9.297395e+00    -8.408090e+00
   -4.730855e+00    -8.386062e+00    -9.076852e+00
   -4.731661e+00    -8.869500e+00    -8.609979e+00
   -4.732466e+00    -8.395716e+00    -8.416044e+00
   -4.733270e+00    -8.465760e+00    -8.297023e+00
   -4.734071e+00    -8.289985e+00    -8.466454e+00
   -4.734872e+00    -8.609385e+00    -8.991313e+00
   -4.735671e+00    -8.448892e+00    -8.300838e+00
   -4.736468e+00    -8.280797e+00    -8.442532e+00
   -4.737264e+00    -8.702087e+00    -8.394663e+00
   -4.738059e+00    -8.765880e+00    -8.358985e+00
   -4.738852e+00    -8.316835e+00    -8.878723e+00
   -4.739644e+00    -8.626492e+00    -8.471316e+00
   -4.740434e+00    -8.890749e+00    -8.492036e+00
   -4.741223e+00    -8.488967e+00    -9.584778e+00
   -4.742010e+00    -8.710728e+00    -8.488086e+00
   -4.742796e+00    -8.011528e+00    -9.791907e+00
   -4.743580e+00    -9.184549e+00    -8.168755e+00
   -4.744363e+00    -8.092030e+00    -8.503225e+00
   -4.745145e+00    -8.324783e+00    -8.569401e+00
   -4.745925e+00    -8.702436e+00    -8.721319e+00
   -4.746704e+00    -8.045858e+00    -8.098068e+00
   -4.747482e+00    -8.290485e+00    -8.905701e+00
   -4.748258e+00    -8.080590e+00    -8.111800e+00
   -4.749033e+00    -8.243811e+00    -8.154518e+00
   -4.749806e+00    -8.034341e+00    -8.225921e+00
   -4.750578e+00    -8.537679e+00    -8.125599e+00
   -4.751348e+00    -8.174971e+00    -8.111176e+00
   -4.752118e+00    -8.764455e+00    -8.049137e+00
   -4.752885e+00    -8.071801e+00    -8.622616e+00
   -4.753652e+00    -8.977529e+00    -8.147343e+00
   -4.754417e+00    -8.161084e+00    -9.209153e+00
   -4.755181e+00    -8.083262e+00    -8.577282e+00
   -4.755943e+00    -8.743554e+00    -8.125111e+00
   -4.756705e+00    -9.412926e+00    -8.023781e+00
   -4.757464e+00    -8.121867e+00    -8.146808e+00
   -4.758223e+00    -8.428697e+00    -8.147054e+00
   -4.758980e+00    -8.112048e+00    -8.254702e+00
   -4.759736e+00    -8.763750e+00    -8.430721e+00
   -4.760490e+00    -8.255082e+00    -8.198503e+00
   -4.761244e+00    -8.910167e+00    -9.027356e+00
   -4.761995e+00    -8.195670e+00    -8.109074e+00
   -4.762746e+00    -8.378947e+00    -8.218226e+00
   -4.763495e+00    -8.112136e+00    -8.970572e+00
   -4.764243e+00    -8.069858e+00    -8.488161e+00
   -4.764990e+00    -8.699420e+00    -8.186995e+00
   -4.765736e+00    -8.757001e+00    -8.097939e+00
   -4.766480e+00    -8.491384e+00    -8.732205e+00
   -4.767223e+00    -8.452975e+00    -8.458613e+00
   -4.767964e+00    -8.160479e+00    -8.484044e+00
   -4.768705e+00    -8.817846e+00    -8.265646e+00
   -4.769444e+00    -9.078708e+00    -8.438234e+00
   -4.770182e+00    -8.324836e+00    -8.851263e+00
   -4.770918e+00    -8.351142e+00    -9.156113e+00
   -4.771654e+00    -8.168093e+00    -8.218962e+00
   -4.772388e+00    -8.089590e+00    -8.248454e+00
   -4.773121e+00    -8.203055e+00    -8.600790e+00
   -4.773852e+00    -8.129114e+00    -8.696089e+00
   -4.774583e+00    -9.085445e+00    -8.292902e+00
   -4.775312e+00    -8.384009e+00    -8.694205e+00
   -4.776040e+00    -8.540442e+00    -8.386644e+00
   -4.776767e+00    -8.489975e+00    -8.253472e+00
   -4.777492e+00    -8.279369e+00    -8.346927e+00
   -4.778216e+00    -8.127735e+00    -8.139799e+00
   -4.778940e+00    -8.508203e+00    -8.141491e+00
   -4.779661e+00    -8.229115e+00    -8.498032e+00
   -4.780382e+00    -8.308403e+00    -8.377382e+00
   -4.781102e+00    -8.537943e+00    -8.157060e+00
   -4.781820e+00    -8.263681e+00    -9.205270e+00
   -4.782537e+00    -8.246330e+00    -8.288489e+00
   -4.783253e+00    -8.250956e+00    -8.509190e+00
   -4.783968e+00    -9.121238e+00    -8.416154e+00
   -4.784681e+00    -8.210014e+00    -8.336613e+00
   -4.785394e+00    -8.796119e+00    -8.626250e+00
   -4.786105e+00    -8.325146e+00    -9.150662e+00
   -4.786815e+00    -8.411418e+00    -8.328632e+00
   -4.787524e+00    -8.459794e+00    -8.203912e+00
   -4.788232e+00    -8.294371e+00    -8.471138e+00
   -4.788939e+00    -8.128460e+00    -8.282906e+00
   -4.789644e+00    -8.394426e+00    -8.228247e+00
   -4.790349e+00    -8.447221e+00    -8.919700e+00
   -4.791052e+00    -8.121425e+00    -8.137667e+00
   -4.791754e+00    -8.419564e+00    -8.156613e+00
   -4.792455e+00    -8.320226e+00    -8.300287e+00
   -4.793155e+00    -8.194596e+00    -8.752124e+00
   -4.793853e+00    -8.095839e+00    -8.195301e+00
   -4.794551e+00    -8.157969e+00    -9.734162e+00
   -4.795247e+00    -8.377214e+00    -9.900102e+00
   -4.795943e+00    -8.780850e+00    -8.321362e+00
   -4.796637e+00    -9.304759e+00    -8.176578e+00
   -4.797330e+00    -9.669990e+00    -8.567880e+00
   -4.798022e+00    -9.267722e+00    -8.265829e+00
   -4.798713e+00    -8.173733e+00    -8.107998e+00
   -4.799403e+00    -9.013294e+00    -8.840858e+00
   -4.800091e+00    -8.194133e+00    -9.290968e+00
   -4.800779e+00    -8.359466e+00    -9.777116e+00
   -4.801465e+00    -8.502818e+00    -8.123958e+00
   -4.802151e+00    -8.141496e+00    -8.537618e+00
   -4.802835e+00    -8.892331e+00    -9.525277e+00
   -4.803519e+00    -8.273907e+00    -8.205587e+00
   -4.804201e+00    -8.288293e+00    -8.529081e+00
   -4.804882e+00    -8.590287e+00    -8.304815e+00
   -4.805562e+00    -9.299180e+00    -9.363804e+00
   -4.806241e+00    -8.505395e+00    -8.493564e+00
   -4.806919e+00    -8.515173e+00    -8.356094e+00
   -4.807596e+00    -8.321328e+00    -8.502871e+00
   -4.808272e+00    -8.387662e+00    -8.486904e+00
   -4.808947e+00    -8.285177e+00    -8.427756e+00
   -4.809620e+00    -8.887047e+00    -8.402350e+00
   -4.810293e+00    -8.708690e+00    -8.202527e+00
   -4.810965e+00    -8.383850e+00    -1.035864e+01
   -4.811635e+00    -8.487179e+00    -8.674436e+00
   -4.812305e+00    -8.297532e+00    -8.354478e+00
   -4.812973e+00    -8.382610e+00    -8.297305e+00
   -4.813641e+00    -8.276848e+00    -9.252449e+00
   -4.814308e+00    -8.176728e+00    -8.430669e+00
   -4.814973e+00    -8.747859e+00    -8.187910e+00
   -4.815638e+00    -8.426389e+00    -8.628255e+00
   -4.816301e+00    -8.149064e+00    -8.435526e+00
   -4.816963e+00    -8.321581e+00    -9.033460e+00
   -4.817625e+00    -8.149229e+00    -8.199961e+00
   -4.818285e+00    -7.983902e+00    -7.855413e+00
   -4.818945e+00    -7.892412e+00    -7.864107e+00
   -4.819603e+00    -8.059628e+00    -8.173680e+00
   -4.820261e+00    -8.316463e+00    -7.938002e+00
   -4.820917e+00    -8.252013e+00    -8.343221e+00
   -4.821572e+00    -8.559673e+00    -1.014427e+01
   -4.822227e+00    -8.401353e+00    -8.492399e+00
   -4.822880e+00    -8.018708e+00    -8.141014e+00
   -4.823533e+00    -7.928192e+00    -7.965232e+00
   -4.824184e+00    -8.532536e+00    -8.294505e+00
   -4.824835e+00    -8.343288e+00    -8.197409e+00
   -4.825485e+00    -8.181242e+00    -8.202898e+00
   -4.826133e+00    -7.914487e+00    -8.048400e+00
   -4.826781e+00    -8.794699e+00    -9.021017e+00
   -4.827427e+00    -8.203124e+00    -8.958524e+00
   -4.828073e+00    -7.924909e+00    -8.968645e+00
   -4.828718e+00    -8.253462e+00    -8.681665e+00
   -4.829362e+00    -8.183352e+00    -7.915894e+00
   -4.830005e+00    -8.000145e+00    -9.182249e+00
   -4.830646e+00    -8.016717e+00    -8.299478e+00
   -4.831287e+00    -7.940842e+00    -8.859791e+00
   -4.831927e+00    -8.740203e+00    -7.956975e+00
   -4.832566e+00    -7.956563e+00    -8.141726e+00
   -4.833205e+00    -7.895513e+00    -8.048500e+00
   -4.833842e+00    -9.481259e+00    -8.459558e+00
   -4.834478e+00    -7.955235e+00    -7.961297e+00
   -4.835113e+00    -8.563562e+00    -8.385866e+00
   -4.835748e+00    -8.866081e+00    -7.895871e+00
   -4.836381e+00    -1.075860e+01    -8.149528e+00
   -4.837014e+00    -8.010527e+00    -8.536567e+00
   -4.837645e+00    -8.649632e+00    -7.960019e+00
   -4.838276e+00    -8.004305e+00    -8.014400e+00
   -4.838906e+00    -8.214254e+00    -1.064353e+01
   -4.839535e+00    -8.724004e+00    -8.115331e+00
   -4.840163e+00    -7.954525e+00    -8.001422e+00
   -4.840790e+00    -7.927218e+00    -8.540117e+00
   -4.841416e+00    -8.139742e+00    -8.771799e+00
   -4.842041e+00    -7.914364e+00    -8.421439e+00
   -4.842665e+00    -8.080610e+00    -8.053988e+00
   -4.843289e+00    -8.140421e+00    -8.726514e+00
   -4.843911e+00    -7.935818e+00    -7.927656e+00
   -4.844533e+00    -8.161512e+00    -8.070685e+00
   -4.845154e+00    -8.993156e+00    -7.984144e+00
   -4.845774e+00    -8.460485e+00    -8.737615e+00
   -4.846393e+00    -7.957603e+00    -8.311351e+00
   -4.847011e+00    -8.098994e+00    -8.432855e+00
   -4.847628e+00    -8.052850e+00    -8.315468e+00
   -4.848245e+00    -8.327662e+00    -7.956193e+00
   -4.848860e+00    -8.090608e+00    -8.185910e+00
   -4.849475e+00    -8.829276e+00    -8.026987e+00
   -4.850088e+00    -8.416182e+00    -8.515039e+00
   -4.850701e+00    -8.175876e+00    -8.040504e+00
   -4.851313e+00    -8.417643e+00    -8.068438e+00
   -4.851925e+00    -8.414551e+00    -8.254801e+00
   -4.852535e+00    -8.025795e+00    -8.009967e+00
   -4.853144e+00    -7.944411e+00    -8.440970e+00
   -4.853753e+00    -8.191826e+00    -8.230297e+00
   -4.854361e+00    -8.087884e+00    -9.117038e+00
   -4.854968e+00    -9.198733e+00    -1.022017e+01
   -4.855574e+00    -8.110094e+00    -9.922705e+00
   -4.856179e+00    -8.516322e+00    -7.968146e+00
   -4.856783e+00    -1.010685e+01    -8.197502e+00
   -4.857387e+00    -8.006095e+00    -8.194888e+00
   -4.857989e+00    -1.010181e+01    -8.339664e+00
   -4.858591e+00    -8.578273e+00    -8.441460e+00
   -4.859192e+00    -8.148513e+00    -8.287967e+00
   -4.859793e+00    -7.977673e+00    -8.313667e+00
   -4.860392e+00    -8.706931e+00    -8.982224e+00
   -4.860990e+00    -8.957352e+00    -9.138205e+00
   -4.861588e+00    -8.450665e+00    -9.107261e+00
   -4.862185e+00    -9.299537e+00    -8.099397e+00
   -4.862781e+00    -8.670420e+00    -7.988102e+00
   -4.863376e+00    -8.120070e+00    -8.079327e+00
   -4.863971e+00    -8.085801e+00    -8.377133e+00
   -4.864564e+00    -8.016501e+00    -8.007202e+00
   -4.865157e+00    -7.945365e+00    -8.241588e+00
   -4.865749e+00    -8.141783e+00    -9.038422e+00
   -4.866341e+00    -8.145300e+00    -8.100760e+00
   -4.866931e+00    -7.963539e+00    -9.583266e+00
   -4.867521e+00    -8.383139e+00    -8.043172e+00
   -4.868109e+00    -7.986654e+00    -8.277105e+00
   -4.868697e+00    -9.603266e+00    -7.971878e+00
   -4.869285e+00    -8.064570e+00    -8.063227e+00
   -4.869871e+00    -8.621178e+00    -8.558462e+00
   -4.870457e+00    -8.041547e+00    -8.050903e+00
   -4.871041e+00    -9.082059e+00    -8.964317e+00
   -4.871625e+00    -7.954928e+00    -8.581793e+00
   -4.872209e+00    -8.514683e+00    -8.206706e+00
   -4.872791e+00    -8.101720e+00    -8.407737e+00
   -4.873373e+00    -8.221369e+00    -7.951446e+00
   -4.873954e+00    -8.480890e+00    -8.405127e+00
   -4.874534e+00    -8.173247e+00    -8.445100e+00
   -4.875113e+00    -8.260536e+00    -9.070848e+00
   -4.875692e+00    -8.077148e+00    -8.706395e+00
   -4.876270e+00    -8.424064e+00    -8.905685e+00
   -4.876847e+00    -8.093353e+00    -8.159287e+00
   -4.877423e+00    -8.095101e+00    -8.144359e+00
   -4.877999e+00    -8.149400e+00    -8.872948e+00
   -4.878573e+00    -9.372565e+00    -9.118024e+00
   -4.879148e+00    -8.200005e+00    -8.545047e+00
   -4.879721e+00    -8.351625e+00    -8.260065e+00
   -4.880293e+00    -8.312753e+00    -8.005907e+00
   -4.880865e+00    -8.034787e+00    -8.102321e+00
   -4.881436e+00    -7.999773e+00    -8.219906e+00
   -4.882006e+00    -8.366710e+00    -8.499081e+00
   -4.882576e+00    -8.180025e+00    -8.119128e+00
   -4.883145e+00    -8.347434e+00    -8.300719e+00
   -4.883713e+00    -8.617987e+00    -8.292776e+00
   -4.884280e+00    -8.398395e+00    -8.342182e+00
   -4.884846e+00    -8.163743e+00    -8.290081e+00
   -4.885412e+00    -8.506099e+00    -8.287487e+00
   -4.885977e+00    -8.180374e+00    -8.160925e+00
   -4.886541e+00    -8.051999e+00    -8.087753e+00
   -4.887105e+00    -8.119280e+00    -9.423582e+00
   -4.887668e+00    -8.264460e+00    -8.037641e+00
   -4.888230e+00    -8.264002e+00    -7.986994e+00
   -4.888791e+00    -8.718211e+00    -8.153354e+00
   -4.889352e+00    -8.625595e+00    -1.016399e+01
   -4.889912e+00    -8.042642e+00    -8.512924e+00
   -4.890471e+00    -8.018814e+00    -9.554720e+00
   -4.891030e+00    -8.131852e+00    -8.078955e+00
   -4.891588e+00    -8.609472e+00    -8.636908e+00
   -4.892145e+00    -7.942039e+00    -7.973996e+00
   -4.892701e+00    -8.820731e+00    -7.696842e+00
   -4.893257e+00    -8.018113e+00    -8.145142e+00
   -4.893812e+00    -7.908707e+00    -7.831951e+00
   -4.894366e+00    -8.166315e+00    -8.296883e+00
   -4.894919e+00    -7.909073e+00    -9.227128e+00
   -4.895472e+00    -7.763676e+00    -8.027127e+00
   -4.896024e+00    -8.484205e+00    -7.881936e+00
   -4.896576e+00    -7.738339e+00    -9.140913e+00
   -4.897127e+00    -7.875319e+00    -7.894285e+00
   -4.897677e+00    -7.886724e+00    -8.095489e+00
   -4.898226e+00    -8.098639e+00    -7.911478e+00
   -4.898775e+00    -7.860973e+00    -8.621082e+00
   -4.899322e+00    -7.779847e+00    -7.964039e+00
   -4.899870e+00    -7.741297e+00    -7.710061e+00
   -4.900416e+00    -8.177076e+00    -7.801862e+00
   -4.900962e+00    -7.919373e+00    -7.759702e+00
   -4.901507e+00    -8.293490e+00    -8.107606e+00
   -4.902052e+00    -7.722611e+00    -7.873001e+00
   -4.902596e+00    -8.067374e+00    -8.195047e+00
   -4.903139e+00    -8.306985e+00    -8.212508e+00
   -4.903681e+00    -8.819686e+00    -8.889690e+00
   -4.904223e+00    -8.248178e+00    -8.372110e+00
   -4.904764e+00    -7.848348e+00    -7.803523e+00
   -4.905305e+00    -8.590615e+00    -8.908274e+00
   -4.905844e+00    -7.785991e+00    -8.668698e+00
   -4.906384e+00    -7.811110e+00    -8.405344e+00
   -4.906922e+00    -8.271554e+00    -7.875662e+00
   -4.907460e+00    -7.863428e+00    -7.799424e+00
   -4.907997e+00    -7.730983e+00    -7.726435e+00
   -4.908533e+00    -8.008531e+00    -8.759250e+00
   -4.909069e+00    -7.760399e+00    -7.774306e+00
   -4.909604e+00    -7.997038e+00    -8.065615e+00
   -4.910139e+00    -7.926594e+00    -8.082114e+00
   -4.910672e+00    -8.024279e+00    -9.332026e+00
   -4.911206e+00    -7.788053e+00    -8.322797e+00
   -4.911738e+00    -8.397884e+00    -8.320960e+00
   -4.912270e+00    -8.647442e+00    -8.210894e+00
   -4.912801e+00    -8.310097e+00    -7.930192e+00
   -4.913332e+00    -7.888025e+00    -8.143796e+00
   -4.913862e+00    -7.832489e+00    -7.991553e+00
   -4.914391e+00    -7.753135e+00    -8.052509e+00
   -4.914919e+00    -8.388996e+00    -8.729135e+00
   -4.915447e+00    -7.880996e+00    -7.802874e+00
   -4.915975e+00    -9.537673e+00    -7.998637e+00
   -4.916501e+00    -8.152720e+00    -7.797025e+00
   -4.917027e+00    -9.093850e+00    -8.535883e+00
   -4.917553e+00    -8.119558e+00    -8.034584e+00
   -4.918078e+00    -8.206317e+00    -7.865199e+00
   -4.918602e+00    -7.993138e+00    -8.108974e+00
   -4.919125e+00    -7.772062e+00    -8.094804e+00
   -4.919648e+00    -8.487215e+00    -8.498584e+00
   -4.920170e+00    -8.175301e+00    -8.313991e+00
   -4.920692e+00    -7.907736e+00    -7.786867e+00
   -4.921213e+00    -7.831849e+00    -8.297399e+00
   -4.921733e+00    -7.811697e+00    -7.879480e+00
   -4.922253e+00    -9.686914e+00    -8.756910e+00
   -4.922772e+00    -9.241134e+00    -7.811393e+00
   -4.923291e+00    -7.935934e+00    -8.215957e+00
   -4.923809e+00    -8.222153e+00    -7.815281e+00
   -4.924326e+00    -8.685219e+00    -7.956391e+00
   -4.924842e+00    -8.151147e+00    -7.856671e+00
   -4.925359e+00    -7.973748e+00    -8.347239e+00
   -4.925874e+00    -8.099697e+00    -8.171888e+00
   -4.926389e+00    -8.038067e+00    -7.918890e+00
   -4.926903e+00    -8.592943e+00    -7.929417e+00
   -4.927417e+00    -7.910202e+00    -8.472780e+00
   -4.927930e+00    -7.840713e+00    -8.832965e+00
   -4.928442e+00    -8.835472e+00    -8.834457e+00
   -4.928954e+00    -7.827573e+00    -8.041760e+00
   -4.929465e+00    -9.422818e+00    -8.776115e+00
   -4.929975e+00    -8.132645e+00    -7.862438e+00
   -4.930485e+00    -9.046843e+00    -7.855676e+00
   -4.930995e+00    -7.860581e+00    -7.780419e+00
   -4.931504e+00    -8.079086e+00    -7.939109e+00
   -4.932012e+00    -8.378325e+00    -8.109741e+00
   -4.932519e+00    -7.798330e+00    -7.827981e+00
   -4.933026e+00    -7.775202e+00    -7.873256e+00
   -4.933533e+00    -7.854606e+00    -7.953121e+00
   -4.934039e+00    -8.154048e+00    -8.297610e+00
   -4.934544e+00    -8.009051e+00    -8.338978e+00
   -4.935049e+00    -7.781535e+00    -7.911873e+00
   -4.935553e+00    -8.508877e+00    -7.917401e+00
   -4.936056e+00    -7.958385e+00    -8.059094e+00
   -4.936559e+00    -8.076958e+00    -8.095761e+00
   -4.937061e+00    -8.486228e+00    -8.004504e+00
   -4.937563e+00    -8.038110e+00    -7.986357e+00
   -4.938064e+00    -7.787508e+00    -9.540421e+00
   -4.938565e+00    -8.716374e+00    -7.813199e+00
   -4.939065e+00    -7.840594e+00    -8.378005e+00
   -4.939564e+00    -8.104368e+00    -8.472607e+00
   -4.940063e+00    -8.086701e+00    -7.903160e+00
   -4.940561e+00    -7.829893e+00    -7.992846e+00
   -4.941059e+00    -7.897432e+00    -8.319649e+00
   -4.941556e+00    -8.367760e+00    -7.832411e+00
   -4.942053e+00    -8.566455e+00    -8.044511e+00
   -4.942549e+00    -8.449531e+00    -8.209844e+00
   -4.943044e+00    -8.230486e+00    -8.288680e+00
   -4.943539e+00    -8.392925e+00    -8.310871e+00
   -4.944033e+00    -8.341766e+00    -8.280189e+00
   -4.944527e+00    -8.246795e+00    -8.245062e+00
   -4.945020e+00    -7.925078e+00    -7.818191e+00
   -4.945513e+00    -7.846567e+00    -7.980599e+00
   -4.946005e+00    -7.883667e+00    -8.383631e+00
   -4.946496e+00    -8.547260e+00    -7.992128e+00
   -4.946987e+00    -8.052751e+00    -8.472135e+00
   -4.947478e+00    -8.303958e+00    -8.050598e+00
   -4.947968e+00    -8.360638e+00    -7.858420e+00
   -4.948457e+00    -8.022970e+00    -7.823892e+00
   -4.948946e+00    -8.352182e+00    -7.939666e+00
   -4.949434e+00    -9.566817e+00    -7.901149e+00
   -4.949922e+00    -8.126172e+00    -7.998914e+00
   -4.950409e+00    -8.187659e+00    -8.378351e+00
   -4.950895e+00    -7.897371e+00    -8.087855e+00
   -4.951381e+00    -7.969996e+00    -7.912481e+00
   -4.951867e+00    -7.888451e+00    -8.060008e+00
   -4.952352e+00    -7.857634e+00    -7.890786e+00
   -4.952836e+00    -9.073205e+00    -8.050986e+00
   -4.953320e+00    -7.893283e+00    -8.132770e+00
   -4.953803e+00    -8.018133e+00    -8.925004e+00
   -4.954286e+00    -8.434058e+00    -8.173011e+00
   -4.954768e+00    -8.518337e+00    -8.223536e+00
   -4.955250e+00    -8.207211e+00    -7.988771e+00
   -4.955731e+00    -8.199212e+00    -7.916796e+00
   -4.956212e+00    -8.102933e+00    -7.933561e+00
   -4.956692e+00    -7.924056e+00    -7.895948e+00
   -4.957171e+00    -7.886023e+00    -8.044255e+00
   -4.957650e+00    -7.837934e+00    -8.182008e+00
   -4.958129e+00    -7.934619e+00    -7.829790e+00
   -4.958607e+00    -8.191974e+00    -7.826220e+00
   -4.959084e+00    -7.883039e+00    -8.097010e+00
   -4.959561e+00    -8.038421e+00    -8.768735e+00
   -4.960038e+00    -9.277317e+00    -8.726477e+00
   -4.960514e+00    -8.112567e+00    -9.061832e+00
   -4.960989e+00    -8.277207e+00    -7.896667e+00
   -4.961464e+00    -8.015316e+00    -8.315351e+00
   -4.961938e+00    -8.232359e+00    -8.374715e+00
   -4.962412e+00    -8.424829e+00    -9.109343e+00
   -4.962885e+00    -7.944124e+00    -8.141326e+00
   -4.963358e+00    -7.878825e+00    -9.222421e+00
   -4.963830e+00    -7.897302e+00    -7.963760e+00
   -4.964302e+00    -8.365033e+00    -8.055360e+00
   -4.964773e+00    -8.072275e+00    -8.286594e+00
   -4.965244e+00    -7.886740e+00    -7.925539e+00
   -4.965714e+00    -7.902702e+00    -8.853077e+00
   -4.966184e+00    -8.460190e+00    -8.425590e+00
   -4.966653e+00    -8.192229e+00    -7.856022e+00
   -4.967122e+00    -7.553705e+00    -8.311737e+00
   -4.967590e+00    -7.958150e+00    -7.541264e+00
   -4.968058e+00    -7.646485e+00    -7.643026e+00
   -4.968525e+00    -8.688677e+00    -7.573411e+00
   -4.968992e+00    -8.637070e+00    -8.092593e+00
   -4.969458e+00    -7.607747e+00    -7.661952e+00
   -4.969924e+00    -8.300006e+00    -8.991088e+00
   -4.970389e+00    -7.988540e+00    -7.566812e+00
   -4.970853e+00    -8.509231e+00    -8.009424e+00
   -4.971318e+00    -7.607496e+00    -8.569436e+00
   -4.971781e+00    -8.175477e+00    -7.764178e+00
   -4.972245e+00    -7.595179e+00    -7.668712e+00
   -4.972707e+00    -8.083636e+00    -7.954756e+00
   -4.973169e+00    -7.810265e+00    -7.617850e+00
   -4.973631e+00    -9.221788e+00    -7.836618e+00
   -4.974092e+00    -8.436986e+00    -8.613791e+00
   -4.974553e+00    -7.719370e+00    -7.879308e+00
   -4.975013e+00    -9.626847e+00    -9.456482e+00
   -4.975473e+00    -7.648235e+00    -8.180931e+00
   -4.975932e+00    -7.763673e+00    -7.598794e+00
   -4.976391e+00    -7.574400e+00    -8.507902e+00
   -4.976850e+00    -7.665221e+00    -8.175435e+00
   -4.977307e+00    -7.895196e+00    -8.391449e+00
   -4.977765e+00    -7.743963e+00    -7.962234e+00
   -4.978222e+00    -7.678242e+00    -7.763272e+00
   -4.978678e+00    -7.742866e+00    -8.097173e+00
   -4.979134e+00    -8.007763e+00    -8.170348e+00
   -4.979589e+00    -7.703844e+00    -8.300666e+00
   -4.980044e+00    -7.979688e+00    -7.904044e+00
   -4.980499e+00    -7.880214e+00    -1.030349e+01
   -4.980953e+00    -7.597946e+00    -7.864285e+00
   -4.981406e+00    -8.821988e+00    -9.005722e+00
   -4.981859e+00    -8.039310e+00    -8.519502e+00
   -4.982312e+00    -7.736392e+00    -7.778635e+00
   -4.982764e+00    -7.962545e+00    -8.735776e+00
   -4.983216e+00    -7.748525e+00    -8.875268e+00
   -4.983667e+00    -8.271851e+00    -7.635735e+00
   -4.984118e+00    -7.695382e+00    -7.931369e+00
   -4.984568e+00    -7.726354e+00    -8.021099e+00
   -4.985018e+00    -8.692939e+00    -7.749357e+00
   -4.985467e+00    -7.809510e+00    -7.604995e+00
   -4.985916e+00    -8.296453e+00    -7.647774e+00
   -4.986364e+00    -7.748340e+00    -7.648786e+00
   -4.986812e+00    -7.927885e+00    -7.994513e+00
   -4.987259e+00    -8.014099e+00    -8.964442e+00
   -4.987706e+00    -7.892329e+00    -7.910146e+00
   -4.988153e+00    -8.365284e+00    -8.276078e+00
   -4.988599e+00    -7.940298e+00    -7.623641e+00
   -4.989045e+00    -9.734148e+00    -7.620416e+00
   -4.989490e+00    -7.698443e+00    -9.278630e+00
   -4.989935e+00    -1.014982e+01    -8.122143e+00
   -4.990379e+00    -7.983307e+00    -7.597183e+00
   -4.990823e+00    -7.770706e+00    -7.663968e+00
   -4.991266e+00    -7.727982e+00    -7.742745e+00
   -4.991709e+00    -7.919922e+00    -7.609847e+00
   -4.992151e+00    -8.269214e+00    -9.265785e+00
   -4.992593e+00    -8.703971e+00    -7.830411e+00
   -4.993035e+00    -8.222233e+00    -8.361536e+00
   -4.993476e+00    -7.932547e+00    -7.920922e+00
   -4.993917e+00    -8.377141e+00    -7.713436e+00
   -4.994357e+00    -8.043802e+00    -7.699216e+00
   -4.994797e+00    -7.855439e+00    -8.149028e+00
   -4.995236e+00    -8.324817e+00    -7.650878e+00
   -4.995675e+00    -7.782093e+00    -7.802420e+00
   -4.996113e+00    -8.052968e+00    -7.813516e+00
   -4.996551e+00    -7.672077e+00    -7.610112e+00
   -4.996989e+00    -7.989797e+00    -7.768825e+00
   -4.997426e+00    -7.801729e+00    -8.167193e+00
   -4.997862e+00    -7.654018e+00    -7.833485e+00
   -4.998299e+00    -7.762785e+00    -7.685622e+00
   -4.998734e+00    -7.863311e+00    -7.732880e+00
   -4.999170e+00    -7.674962e+00    -7.615433e+00
   -4.999605e+00    -7.738276e+00    -7.946011e+00
   -5.000039e+00    -8.652588e+00    -8.269962e+00
   -5.000473e+00    -8.459491e+00    -7.685040e+00
   -5.000907e+00    -7.861520e+00    -7.863671e+00
   -5.001340e+00    -8.082734e+00    -8.034475e+00
   -5.001773e+00    -7.980025e+00    -7.839474e+00
   -5.002205e+00    -8.067067e+00    -7.993056e+00
   -5.002637e+00    -7.669982e+00    -7.697448e+00
   -5.003068e+00    -7.769291e+00    -7.623090e+00
   -5.003499e+00    -8.180760e+00    -9.092769e+00
   -5.003930e+00    -7.699006e+00    -7.616452e+00
   -5.004360e+00    -7.742447e+00    -8.280717e+00
   -5.004790e+00    -8.084260e+00    -8.260735e+00
   -5.005219e+00    -7.860868e+00    -8.297470e+00
   -5.005648e+00    -7.805183e+00    -7.664348e+00
   -5.006077e+00    -7.639624e+00    -7.676811e+00
   -5.006505e+00    -8.339775e+00    -7.803234e+00
   -5.006932e+00    -9.294790e+00    -7.885027e+00
   -5.007359e+00    -7.756727e+00    -8.470540e+00
   -5.007786e+00    -7.988649e+00    -8.305659e+00
   -5.008213e+00    -7.935458e+00    -7.751589e+00
   -5.008638e+00    -8.251816e+00    -7.639265e+00
   -5.009064e+00    -7.875444e+00    -7.767863e+00
   -5.009489e+00    -7.664853e+00    -8.121913e+00
   -5.009914e+00    -8.667198e+00    -7.682521e+00
   -5.010338e+00    -8.131311e+00    -7.769690e+00
   -5.010762e+00    -8.581217e+00    -7.938571e+00
   -5.011185e+00    -8.306428e+00    -8.807870e+00
   -5.011609e+00    -8.666575e+00    -7.704892e+00
   -5.012031e+00    -7.973608e+00    -7.725194e+00
   -5.012453e+00    -8.116132e+00    -7.658607e+00
   -5.012875e+00    -8.617212e+00    -7.656104e+00
   -5.013297e+00    -8.937543e+00    -7.923294e+00
   -5.013718e+00    -8.128661e+00    -7.766332e+00
   -5.014138e+00    -8.150012e+00    -7.904390e+00
   -5.014558e+00    -8.158610e+00    -7.722685e+00
   -5.014978e+00    -7.824156e+00    -8.274500e+00
   -5.015397e+00    -7.832949e+00    -7.800725e+00
   -5.015816e+00    -7.907717e+00    -8.091701e+00
   -5.016235e+00    -7.802416e+00    -7.744199e+00
   -5.016653e+00    -8.096023e+00    -7.815810e+00
   -5.017071e+00    -8.166823e+00    -8.795697e+00
   -5.017488e+00    -8.073406e+00    -8.033845e+00
   -5.017905e+00    -9.531256e+00    -7.807635e+00
   -5.018322e+00    -9.220644e+00    -8.184805e+00
   -5.018738e+00    -8.133865e+00    -7.949642e+00
   -5.019154e+00    -8.241168e+00    -7.768464e+00
   -5.019569e+00    -7.779345e+00    -8.763079e+00
   -5.019984e+00    -7.799142e+00    -7.984820e+00
   -5.020399e+00    -8.457251e+00    -7.915028e+00
   -5.020813e+00    -8.735084e+00    -8.753171e+00
   -5.021227e+00    -8.647380e+00    -8.296439e+00
   -5.021640e+00    -8.941679e+00    -8.141822e+00
   -5.022053e+00    -7.826582e+00    -7.735971e+00
   -5.022465e+00    -7.977591e+00    -7.965705e+00
   -5.022878e+00    -7.981617e+00    -7.882300e+00
   -5.023290e+00    -7.696243e+00    -7.770329e+00
   -5.023701e+00    -7.826815e+00    -8.257851e+00
   -5.024112e+00    -7.770892e+00    -7.698345e+00
   -5.024523e+00    -8.014087e+00    -8.732989e+00
   -5.024933e+00    -7.711663e+00    -7.821437e+00
   -5.025343e+00    -7.911123e+00    -8.062718e+00
   -5.025752e+00    -8.445691e+00    -7.901252e+00
   -5.026161e+00    -8.539023e+00    -7.787375e+00
   -5.026570e+00    -7.867623e+00    -9.394156e+00
   -5.026978e+00    -7.865151e+00    -8.140935e+00
   -5.027386e+00    -8.351832e+00    -8.281642e+00
   -5.027794e+00    -7.780059e+00    -8.015434e+00
   -5.028201e+00    -7.679380e+00    -8.441405e+00
   -5.028608e+00    -7.665818e+00    -7.878652e+00
   -5.029014e+00    -7.890209e+00    -7.689904e+00
   -5.029420e+00    -8.048555e+00    -7.688102e+00
   -5.029826e+00    -7.805908e+00    -8.275466e+00
   -5.030231e+00    -8.064976e+00    -7.784043e+00
   -5.030636e+00    -8.025135e+00    -7.991319e+00
   -5.031041e+00    -8.099942e+00    -7.846680e+00
   -5.031445e+00    -8.150102e+00    -8.103761e+00
   -5.031849e+00    -8.786730e+00    -8.540513e+00
   -5.032252e+00    -7.677206e+00    -7.781911e+00
   -5.032655e+00    -7.886860e+00    -7.818918e+00
   -5.033058e+00    -7.920197e+00    -8.400391e+00
   -5.033460e+00    -7.716896e+00    -8.548976e+00
   -5.033862e+00    -7.929991e+00    -8.668008e+00
   -5.034263e+00    -7.685772e+00    -7.685677e+00
   -5.034665e+00    -7.727237e+00    -7.736768e+00
   -5.035065e+00    -8.380862e+00    -7.928519e+00
   -5.035466e+00    -8.147502e+00    -7.809343e+00
   -5.035866e+00    -7.998835e+00    -8.175224e+00
   -5.036266e+00    -7.722065e+00    -7.822869e+00
   -5.036665e+00    -8.036999e+00    -8.603258e+00
   -5.037064e+00    -7.847685e+00    -7.690737e+00
   -5.037462e+00    -8.028987e+00    -7.852875e+00
   -5.037861e+00    -7.933864e+00    -7.890021e+00
   -5.038258e+00    -8.898233e+00    -8.041940e+00
   -5.038656e+00    -7.849605e+00    -7.992466e+00
   -5.039053e+00    -8.456482e+00    -8.058311e+00
   -5.039450e+00    -8.280207e+00    -7.712121e+00
   -5.039846e+00    -7.752299e+00    -8.140813e+00
   -5.040242e+00    -8.719762e+00    -7.916378e+00
   -5.040638e+00    -8.403476e+00    -9.027628e+00
   -5.041033e+00    -7.821520e+00    -7.930714e+00
   -5.041428e+00    -8.311565e+00    -8.333451e+00
   -5.041823e+00    -7.729126e+00    -8.340812e+00
   -5.042217e+00    -7.959757e+00    -8.133264e+00
   -5.042611e+00    -7.728728e+00    -7.515103e+00
   -5.043004e+00    -7.753272e+00    -7.980373e+00
   -5.043398e+00    -7.718225e+00    -8.005561e+00
   -5.043790e+00    -8.401944e+00    -8.258001e+00
   -5.044183e+00    -7.465071e+00    -7.582020e+00
   -5.044575e+00    -7.816348e+00    -8.001655e+00
   -5.044967e+00    -7.721939e+00    -7.683671e+00
   -5.045358e+00    -7.716793e+00    -7.648385e+00
   -5.045749e+00    -8.070540e+00    -7.414788e+00
   -5.046140e+00    -8.373413e+00    -7.577306e+00
   -5.046530e+00    -8.231067e+00    -7.408929e+00
   -5.046920e+00    -7.427432e+00    -8.117919e+00
   -5.047310e+00    -7.543388e+00    -7.671106e+00
   -5.047699e+00    -7.926366e+00    -8.009820e+00
   -5.048088e+00    -7.441252e+00    -7.851267e+00
   -5.048477e+00    -8.340020e+00    -7.856766e+00
   -5.048865e+00    -7.747041e+00    -8.413451e+00
   -5.049253e+00    -9.821357e+00    -7.895440e+00
   -5.049640e+00    -8.404689e+00    -7.948886e+00
   -5.050028e+00    -7.885846e+00    -7.559199e+00
   -5.050415e+00    -8.319143e+00    -8.629135e+00
   -5.050801e+00    -7.514082e+00    -7.742257e+00
   -5.051187e+00    -7.558597e+00    -8.069225e+00
   -5.051573e+00    -8.287681e+00    -7.868864e+00
   -5.051959e+00    -7.410735e+00    -7.597938e+00
   -5.052344e+00    -8.010616e+00    -8.040846e+00
   -5.052729e+00    -7.731442e+00    -7.450782e+00
   -5.053113e+00    -7.512297e+00    -7.722727e+00
   -5.053497e+00    -7.523934e+00    -7.413322e+00
   -5.053881e+00    -7.450776e+00    -8.026336e+00
   -5.054264e+00    -7.669583e+00    -7.445795e+00
   -5.054648e+00    -7.572895e+00    -8.109231e+00
   -5.055030e+00    -7.557655e+00    -7.438038e+00
   -5.055413e+00    -7.999286e+00    -8.346774e+00
   -5.055795e+00    -9.058783e+00    -7.579050e+00
   -5.056177e+00    -7.611119e+00    -8.014712e+00
   -5.056558e+00    -7.758099e+00    -7.537327e+00
   -5.056939e+00    -7.502262e+00    -7.972615e+00
   -5.057320e+00    -7.573287e+00    -9.201939e+00
   -5.057700e+00    -7.571057e+00    -7.441675e+00
   -5.058080e+00    -7.559301e+00    -7.457776e+00
   -5.058460e+00    -7.666506e+00    -7.967344e+00
   -5.058840e+00    -8.009038e+00    -8.645087e+00
   -5.059219e+00    -7.996579e+00    -7.891323e+00
   -5.059597e+00    -7.513903e+00    -7.468261e+00
   -5.059976e+00    -7.867348e+00    -7.554425e+00
   -5.060354e+00    -7.507545e+00    -7.741762e+00
   -5.060732e+00    -7.607715e+00    -7.538365e+00
   -5.061109e+00    -7.454326e+00    -7.582102e+00
   -5.061486e+00    -7.789808e+00    -7.437203e+00
   -5.061863e+00    -7.601267e+00    -8.630846e+00
   -5.062240e+00    -8.339046e+00    -8.627990e+00
   -5.062616e+00    -8.037817e+00    -7.774416e+00
   -5.062992e+00    -7.465958e+00    -7.583573e+00
   -5.063367e+00    -7.860979e+00    -7.468725e+00
   -5.063742e+00    -7.544748e+00    -7.563383e+00
   -5.064117e+00    -7.621547e+00    -7.989632e+00
   -5.064492e+00    -7.504504e+00    -7.479894e+00
   -5.064866e+00    -8.182735e+00    -7.577253e+00
   -5.065240e+00    -7.704899e+00    -7.848292e+00
   -5.065613e+00    -7.558202e+00    -7.576120e+00
   -5.065987e+00    -8.441970e+00    -7.530129e+00
   -5.066359e+00    -7.723991e+00    -8.311447e+00
   -5.066732e+00    -7.766095e+00    -7.565998e+00
   -5.067104e+00    -8.394752e+00    -7.760492e+00
   -5.067476e+00    -7.453258e+00    -8.151292e+00
   -5.067848e+00    -8.581922e+00    -7.968738e+00
   -5.068219e+00    -7.714770e+00    -8.342222e+00
   -5.068590e+00    -7.677953e+00    -7.534877e+00
   -5.068961e+00    -7.551114e+00    -7.792145e+00
   -5.069331e+00    -7.445336e+00    -7.478038e+00
   -5.069701e+00    -7.524995e+00    -8.216946e+00
   -5.070071e+00    -7.536578e+00    -7.957648e+00
   -5.070441e+00    -7.527507e+00    -7.566946e+00
   -5.070810e+00    -7.623442e+00    -7.809584e+00
   -5.071178e+00    -7.665042e+00    -7.532083e+00
   -5.071547e+00    -8.125548e+00    -7.556880e+00
   -5.071915e+00    -7.602540e+00    -8.184202e+00
   -5.072283e+00    -8.164553e+00    -7.734244e+00
   -5.072651e+00    -7.895150e+00    -7.738011e+00
   -5.073018e+00    -7.572752e+00    -9.067982e+00
   -5.073385e+00    -7.476230e+00    -7.687228e+00
   -5.073751e+00    -7.878042e+00    -8.350006e+00
   -5.074118e+00    -7.691696e+00    -7.569215e+00
   -5.074484e+00    -7.729589e+00    -7.772756e+00
   -5.074849e+00    -8.339040e+00    -7.623286e+00
   -5.075215e+00    -7.514445e+00    -8.313494e+00
   -5.075580e+00    -8.341446e+00    -7.612995e+00
   -5.075945e+00    -7.976007e+00    -8.955361e+00
   -5.076309e+00    -7.545772e+00    -7.652865e+00
   -5.076673e+00    -8.735980e+00    -8.637295e+00
   -5.077037e+00    -8.638955e+00    -7.593140e+00
   -5.077401e+00    -7.702154e+00    -8.647447e+00
   -5.077764e+00    -7.903497e+00    -7.540092e+00
   -5.078127e+00    -7.683752e+00    -7.929079e+00
   -5.078489e+00    -8.502794e+00    -7.481402e+00
   -5.078852e+00    -8.072296e+00    -8.907835e+00
   -5.079214e+00    -7.670527e+00    -8.447698e+00
   -5.079576e+00    -7.778570e+00    -7.494496e+00
   -5.079937e+00    -7.977458e+00    -7.514119e+00
   -5.080298e+00    -7.772291e+00    -7.702458e+00
   -5.080659e+00    -7.781740e+00    -7.506820e+00
   -5.081019e+00    -8.035825e+00    -8.318263e+00
   -5.081380e+00    -7.567270e+00    -8.120814e+00
   -5.081740e+00    -7.539429e+00    -8.643234e+00
   -5.082099e+00    -7.704702e+00    -7.502485e+00
   -5.082459e+00    -7.790568e+00    -7.602098e+00
   -5.082818e+00    -7.622137e+00    -8.021797e+00
   -5.083176e+00    -7.584552e+00    -9.569111e+00
   -5.083535e+00    -8.649797e+00    -7.633181e+00
   -5.083893e+00    -8.008946e+00    -7.613163e+00
   -5.084251e+00    -7.715232e+00    -7.682174e+00
   -5.084608e+00    -7.479598e+00    -7.662465e+00
   -5.084966e+00    -7.541356e+00    -8.055302e+00
   -5.085323e+00    -7.873159e+00    -7.661985e+00
   -5.085679e+00    -7.491320e+00    -7.578105e+00
   -5.086036e+00    -8.188108e+00    -8.018903e+00
   -5.086392e+00    -7.572651e+00    -7.585701e+00
   -5.086748e+00    -7.744683e+00    -7.572537e+00
   -5.087103e+00    -8.054652e+00    -8.073845e+00
   -5.087458e+00    -7.482826e+00    -7.727365e+00
   -5.087813e+00    -7.664878e+00    -7.553321e+00
   -5.088168e+00    -8.130080e+00    -7.484255e+00
   -5.088522e+00    -9.013292e+00    -8.380210e+00
   -5.088876e+00    -7.613099e+00    -7.525965e+00
   -5.089230e+00    -7.484913e+00    -7.915562e+00
   -5.089584e+00    -7.940377e+00    -7.836275e+00
   -5.089937e+00    -8.969437e+00    -8.227240e+00
   -5.090290e+00    -8.144103e+00    -7.814500e+00
   -5.090642e+00    -7.900074e+00    -7.580078e+00
   -5.090995e+00    -8.024666e+00    -7.504512e+00
   -5.091347e+00    -7.602744e+00    -8.189467e+00
   -5.091699e+00    -7.807360e+00    -7.579923e+00
   -5.092050e+00    -7.538323e+00    -8.575767e+00
   -5.092401e+00    -9.116287e+00    -7.549462e+00
   -5.092752e+00    -8.945606e+00    -8.052938e+00
   -5.093103e+00    -7.553614e+00    -7.720014e+00
   -5.093453e+00    -7.816236e+00    -7.817897e+00
   -5.093803e+00    -7.771655e+00    -7.575666e+00
   -5.094153e+00    -7.862863e+00    -7.786110e+00
   -5.094503e+00    -7.521756e+00    -7.683402e+00
   -5.094852e+00    -7.814256e+00    -7.587234e+00
   -5.095201e+00    -7.915760e+00    -7.849419e+00
   -5.095549e+00    -7.566989e+00    -8.011838e+00
   -5.095898e+00    -7.992946e+00    -7.497640e+00
   -5.096246e+00    -7.802904e+00    -8.401954e+00
   -5.096594e+00    -7.586348e+00    -7.830621e+00
   -5.096941e+00    -7.801878e+00    -8.342048e+00
   -5.097289e+00    -7.561992e+00    -7.780396e+00
   -5.097636e+00    -7.543582e+00    -7.511098e+00
   -5.097982e+00    -8.000707e+00    -7.511066e+00
   -5.098329e+00    -7.500926e+00    -7.823076e+00
   -5.098675e+00    -7.646093e+00    -7.582089e+00
   -5.099021e+00    -8.194472e+00    -8.751700e+00
   -5.099366e+00    -8.343062e+00    -7.511786e+00
   -5.099712e+00    -7.506570e+00    -7.669148e+00
   -5.100057e+00    -7.518595e+00    -7.824056e+00
   -5.100402e+00    -7.518860e+00    -7.740576e+00
   -5.100746e+00    -7.708544e+00    -8.447784e+00
   -5.101090e+00    -7.596192e+00    -7.699921e+00
   -5.101434e+00    -7.596770e+00    -7.819778e+00
   -5.101778e+00    -7.533329e+00    -7.527653e+00
   -5.102121e+00    -7.539972e+00    -8.236342e+00
   -5.102465e+00    -7.624411e+00    -8.262452e+00
   -5.102807e+00    -7.692039e+00    -7.839602e+00
   -5.103150e+00    -7.735822e+00    -9.101845e+00
   -5.103492e+00    -7.594685e+00    -7.741673e+00
   -5.103834e+00    -7.559488e+00    -8.681006e+00
   -5.104176e+00    -7.599481e+00    -8.188896e+00
   -5.104518e+00    -7.598758e+00    -7.721911e+00
   -5.104859e+00    -8.468260e+00    -7.684113e+00
   -5.105200e+00    -7.864241e+00    -7.765563e+00
   -5.105541e+00    -7.549296e+00    -8.153318e+00
   -5.105881e+00    -9.070545e+00    -7.648747e+00
   -5.106222e+00    -8.684338e+00    -8.224586e+00
   -5.106561e+00    -7.669263e+00    -7.577957e+00
   -5.106901e+00    -8.646205e+00    -7.884572e+00
   -5.107241e+00    -7.788640e+00    -8.163517e+00
   -5.107580e+00    -8.017842e+00    -8.323228e+00
   -5.107919e+00    -8.021402e+00    -7.831452e+00
   -5.108257e+00    -7.701134e+00    -8.626167e+00
   -5.108595e+00    -8.546570e+00    -7.555193e+00
   -5.108934e+00    -7.660623e+00    -8.350042e+00
   -5.109271e+00    -7.558893e+00    -8.412975e+00
   -5.109609e+00    -7.756029e+00    -7.914183e+00
   -5.109946e+00    -7.912643e+00    -7.653531e+00
   -5.110283e+00    -7.669358e+00    -7.933909e+00
   -5.110620e+00    -7.991707e+00    -7.793613e+00
   -5.110957e+00    -7.785963e+00    -7.721842e+00
   -5.111293e+00    -7.545081e+00    -8.160211e+00
   -5.111629e+00    -7.642505e+00    -8.002574e+00
   -5.111964e+00    -7.822665e+00    -7.997382e+00
   -5.112300e+00    -7.733168e+00    -1.056882e+01
   -5.112635e+00    -9.611163e+00    -8.085245e+00
   -5.112970e+00    -9.175371e+00    -7.565596e+00
   -5.113305e+00    -8.064459e+00    -7.612931e+00
   -5.113639e+00    -7.649346e+00    -7.886243e+00
   -5.113973e+00    -7.569078e+00    -8.212604e+00
   -5.114307e+00    -8.496909e+00    -8.291305e+00
   -5.114641e+00    -7.559429e+00    -8.517322e+00
   -5.114974e+00    -7.790185e+00    -7.877508e+00
   -5.115308e+00    -8.581936e+00    -8.197816e+00
   -5.115640e+00    -8.019492e+00    -7.645325e+00
   -5.115973e+00    -8.062351e+00    -7.998757e+00
   -5.116305e+00    -7.942463e+00    -8.127516e+00
   -5.116638e+00    -7.917819e+00    -8.498800e+00
   -5.116970e+00    -7.791835e+00    -7.553126e+00
   -5.117301e+00    -7.821220e+00    -7.705113e+00
   -5.117633e+00    -7.333012e+00    -8.027585e+00
   -5.117964e+00    -7.466828e+00    -7.578513e+00
   -5.118294e+00    -7.675778e+00    -7.545312e+00
   -5.118625e+00    -7.342445e+00    -7.609381e+00
   -5.118955e+00    -7.630099e+00    -8.109238e+00
   -5.119286e+00    -7.559607e+00    -7.444247e+00
   -5.119615e+00    -7.291297e+00    -7.408146e+00
   -5.119945e+00    -7.383080e+00    -7.613748e+00
   -5.120274e+00    -7.514952e+00    -7.356789e+00
   -5.120604e+00    -7.519378e+00    -7.771276e+00
   -5.120932e+00    -7.541597e+00    -7.257018e+00
   -5.121261e+00    -8.457528e+00    -7.714578e+00
   -5.121589e+00    -7.442686e+00    -7.279455e+00
   -5.121918e+00    -7.506791e+00    -7.590362e+00
   -5.122245e+00    -7.699740e+00    -7.679128e+00
   -5.122573e+00    -8.276584e+00    -7.388759e+00
   -5.122900e+00    -7.298711e+00    -8.630434e+00
   -5.123228e+00    -7.389557e+00    -7.451148e+00
   -5.123554e+00    -7.323192e+00    -7.299051e+00
   -5.123881e+00    -7.264297e+00    -8.377241e+00
   -5.124207e+00    -7.770357e+00    -7.418650e+00
   -5.124534e+00    -7.254659e+00    -7.351885e+00
   -5.124859e+00    -7.452140e+00    -7.279676e+00
   -5.125185e+00    -7.530285e+00    -7.647565e+00
   -5.125511e+00    -8.153264e+00    -9.091298e+00
   -5.125836e+00    -7.546895e+00    -7.277532e+00
   -5.126161e+00    -7.440476e+00    -8.399971e+00
   -5.126485e+00    -7.550333e+00    -7.340140e+00
   -5.126810e+00    -7.481426e+00    -7.277660e+00
   -5.127134e+00    -7.976897e+00    -7.685302e+00
   -5.127458e+00    -7.740844e+00    -7.381650e+00
   -5.127782e+00    -7.320859e+00    -7.750745e+00
   -5.128105e+00    -7.542641e+00    -7.489454e+00
   -5.128428e+00    -7.709030e+00    -7.529740e+00
   -5.128751e+00    -7.437516e+00    -7.653373e+00
   -5.129074e+00    -7.502477e+00    -8.176232e+00
   -5.129397e+00    -7.410250e+00    -7.741531e+00
   -5.129719e+00    -7.263171e+00    -7.801035e+00
   -5.130041e+00    -7.445866e+00    -8.232022e+00
   -5.130363e+00    -7.345421e+00    -7.511380e+00
   -5.130684e+00    -7.795539e+00    -8.121622e+00
   -5.131006e+00    -7.397562e+00    -7.471432e+00
   -5.131327e+00    -7.422674e+00    -7.930091e+00
   -5.131648e+00    -7.505253e+00    -7.430745e+00
   -5.131968e+00    -7.291809e+00    -7.565991e+00
   -5.132289e+00    -7.515308e+00    -7.538644e+00
   -5.132609e+00    -7.669045e+00    -7.697858e+00
   -5.132929e+00    -7.643587e+00    -7.339368e+00
   -5.133248e+00    -7.515870e+00    -7.982290e+00
   -5.133568e+00    -7.560842e+00    -7.286205e+00
   -5.133887e+00    -7.521598e+00    -7.465572e+00
   -5.134206e+00    -7.354163e+00    -7.301090e+00
   -5.134525e+00    -7.383150e+00    -7.909580e+00
   -5.134843e+00    -7.568289e+00    -7.329325e+00
   -5.135161e+00    -7.360020e+00    -8.023330e+00
   -5.135479e+00    -9.019365e+00    -7.828666e+00
   -5.135797e+00    -8.644652e+00    -7.665277e+00
   -5.136115e+00    -7.486455e+00    -7.938773e+00
   -5.136432e+00    -7.622139e+00    -8.061154e+00
   -5.136749e+00    -7.561285e+00    -7.595260e+00
   -5.137066e+00    -8.935772e+00    -7.427172e+00
   -5.137383e+00    -7.378819e+00    -7.656248e+00
   -5.137699e+00    -7.481522e+00    -7.453135e+00
   -5.138015e+00    -7.601951e+00    -7.443821e+00
   -5.138331e+00    -7.536900e+00    -8.373328e+00
   -5.138647e+00    -7.823577e+00    -7.617800e+00
   -5.138962e+00    -7.299480e+00    -7.739236e+00
   -5.139278e+00    -7.576599e+00    -7.641341e+00
   -5.139593e+00    -8.146934e+00    -7.411906e+00
   -5.139907e+00    -8.582187e+00    -7.832369e+00
   -5.140222e+00    -7.973603e+00    -7.986689e+00
   -5.140536e+00    -7.309808e+00    -7.331572e+00
   -5.140850e+00    -7.461019e+00    -8.428178e+00
   -5.141164e+00    -1.023622e+01    -7.836995e+00
   -5.141478e+00    -8.283814e+00    -7.386727e+00
   -5.141791e+00    -7.392608e+00    -7.791498e+00
   -5.142105e+00    -7.570533e+00    -7.519021e+00
   -5.142418e+00    -7.523394e+00    -7.350724e+00
   -5.142730e+00    -7.361407e+00    -8.239867e+00
   -5.143043e+00    -7.562513e+00    -7.451002e+00
   -5.143355e+00    -7.922968e+00    -7.946846e+00
   -5.143667e+00    -7.884066e+00    -8.840142e+00
   -5.143979e+00    -7.711319e+00    -7.411947e+00
   -5.144291e+00    -7.455428e+00    -7.509598e+00
   -5.144602e+00    -8.126640e+00    -7.613212e+00
   -5.144913e+00    -8.894823e+00    -7.399297e+00
   -5.145224e+00    -7.846887e+00    -7.409716e+00
   -5.145535e+00    -8.004391e+00    -7.705302e+00
   -5.145846e+00    -7.960575e+00    -7.591421e+00
   -5.146156e+00    -7.553079e+00    -7.463260e+00
   -5.146466e+00    -7.905035e+00    -7.332483e+00
   -5.146776e+00    -7.969014e+00    -7.386892e+00
   -5.147086e+00    -7.551169e+00    -7.356649e+00
   -5.147395e+00    -8.089816e+00    -7.310519e+00
   -5.147704e+00    -7.673745e+00    -7.419316e+00
   -5.148013e+00    -8.366152e+00    -7.747295e+00
   -5.148322e+00    -7.386310e+00    -7.544542e+00
   -5.148630e+00    -8.251917e+00    -7.575491e+00
   -5.148939e+00    -7.428824e+00    -7.935217e+00
   -5.149247e+00    -7.504336e+00    -7.559212e+00
   -5.149555e+00    -9.576745e+00    -8.734211e+00
   -5.149862e+00    -8.783974e+00    -7.717593e+00
   -5.150170e+00    -7.901242e+00    -7.326729e+00
   -5.150477e+00    -7.325560e+00    -7.553829e+00
   -5.150784e+00    -8.627773e+00    -8.786428e+00
   -5.151091e+00    -7.437823e+00    -7.445071e+00
   -5.151397e+00    -7.667908e+00    -8.743086e+00
   -5.151704e+00    -8.140664e+00    -7.499904e+00
   -5.152010e+00    -8.299882e+00    -7.779070e+00
   -5.152316e+00    -7.456712e+00    -7.416781e+00
   -5.152622e+00    -7.311104e+00    -7.352983e+00
   -5.152927e+00    -7.752608e+00    -8.032087e+00
   -5.153232e+00    -8.342064e+00    -7.468432e+00
   -5.153537e+00    -7.316803e+00    -7.754089e+00
   -5.153842e+00    -8.247358e+00    -7.989469e+00
   -5.154147e+00    -7.578654e+00    -7.339380e+00
   -5.154451e+00    -7.343445e+00    -8.549419e+00
   -5.154756e+00    -7.646534e+00    -7.962510e+00
   -5.155060e+00    -7.884462e+00    -7.483996e+00
   -5.155363e+00    -8.152617e+00    -7.529460e+00
   -5.155667e+00    -7.726700e+00    -7.437330e+00
   -5.155970e+00    -8.442333e+00    -7.574680e+00
   -5.156273e+00    -7.448125e+00    -7.668610e+00
   -5.156576e+00    -7.557233e+00    -8.029834e+00
   -5.156879e+00    -7.381359e+00    -7.982351e+00
   -5.157182e+00    -8.607600e+00    -7.570435e+00
   -5.157484e+00    -7.592476e+00    -7.627691e+00
   -5.157786e+00    -7.836816e+00    -7.476156e+00
   -5.158088e+00    -7.611010e+00    -8.141432e+00
   -5.158390e+00    -7.641956e+00    -7.774096e+00
   -5.158691e+00    -7.670881e+00    -8.157516e+00
   -5.158992e+00    -7.975240e+00    -7.370774e+00
   -5.159293e+00    -7.463482e+00    -7.393673e+00
   -5.159594e+00    -7.585000e+00    -7.461061e+00
   -5.159895e+00    -7.687729e+00    -7.626431e+00
   -5.160195e+00    -7.398279e+00    -7.674807e+00
   -5.160496e+00    -7.434805e+00    -7.380463e+00
   -5.160796e+00    -7.601791e+00    -7.726399e+00
   -5.161095e+00    -7.832903e+00    -8.699991e+00
   -5.161395e+00    -7.630943e+00    -7.842425e+00
   -5.161694e+00    -7.823667e+00    -7.448051e+00
   -5.161994e+00    -7.539784e+00    -7.651263e+00
   -5.162293e+00    -7.915912e+00    -8.267837e+00
   -5.162591e+00    -7.499712e+00    -7.354994e+00
   -5.162890e+00    -7.700347e+00    -7.353241e+00
   -5.163188e+00    -7.398293e+00    -7.369189e+00
   -5.163486e+00    -7.677197e+00    -7.377297e+00
   -5.163784e+00    -7.723947e+00    -8.552143e+00
   -5.164082e+00    -9.494755e+00    -7.343599e+00
   -5.164380e+00    -7.356041e+00    -8.270667e+00
   -5.164677e+00    -7.421280e+00    -8.464794e+00
   -5.164974e+00    -7.348342e+00    -7.358873e+00
   -5.165271e+00    -7.589632e+00    -7.802782e+00
   -5.165568e+00    -7.565924e+00    -7.444384e+00
   -5.165864e+00    -8.132180e+00    -7.707781e+00
   -5.166161e+00    -7.365187e+00    -8.192518e+00
   -5.166457e+00    -7.475008e+00    -7.356363e+00
   -5.166753e+00    -8.230467e+00    -7.348012e+00
   -5.167048e+00    -7.680204e+00    -8.713317e+00
   -5.167344e+00    -7.495093e+00    -7.848831e+00
   -5.167639e+00    -8.127110e+00    -7.367307e+00
   -5.167934e+00    -7.575060e+00    -8.201250e+00
   -5.168229e+00    -7.384077e+00    -7.807455e+00
   -5.168524e+00    -7.375473e+00    -7.589373e+00
   -5.168819e+00    -7.437819e+00    -7.707306e+00
   -5.169113e+00    -8.211243e+00    -7.528312e+00
   -5.169407e+00    -8.431986e+00    -7.669217e+00
   -5.169701e+00    -8.081977e+00    -7.351142e+00
   -5.169995e+00    -7.629109e+00    -8.734652e+00
   -5.170288e+00    -7.390558e+00    -7.767252e+00
   -5.170581e+00    -7.658345e+00    -7.610663e+00
   -5.170875e+00    -7.408367e+00    -7.503009e+00
   -5.171168e+00    -7.472906e+00    -8.138005e+00
   -5.171460e+00    -7.545020e+00    -8.203520e+00
   -5.171753e+00    -7.380066e+00    -7.980242e+00
   -5.172045e+00    -7.412220e+00    -8.068684e+00
   -5.172337e+00    -7.472418e+00    -7.627803e+00
   -5.172629e+00    -7.564038e+00    -8.224005e+00
   -5.172921e+00    -7.579694e+00    -8.092927e+00
   -5.173213e+00    -7.928068e+00    -7.760363e+00
   -5.173504e+00    -7.389391e+00    -7.458755e+00
   -5.173795e+00    -7.594268e+00    -8.004343e+00
   -5.174086e+00    -7.546943e+00    -7.643646e+00
   -5.174377e+00    -7.409045e+00    -7.480450e+00
   -5.174667e+00    -8.529147e+00    -8.646269e+00
   -5.174958e+00    -7.847058e+00    -7.403692e+00
   -5.175248e+00    -7.790518e+00    -7.431998e+00
   -5.175538e+00    -7.501401e+00    -8.083087e+00
   -5.175828e+00    -7.891714e+00    -7.771019e+00
   -5.176117e+00    -7.408764e+00    -8.944415e+00
   -5.176407e+00    -7.714048e+00    -7.359891e+00
   -5.176696e+00    -7.395695e+00    -7.551212e+00
   -5.176985e+00    -7.432283e+00    -7.519477e+00
   -5.177274e+00    -7.446647e+00    -7.685530e+00
   -5.177562e+00    -8.189620e+00    -9.020136e+00
   -5.177851e+00    -8.585096e+00    -7.717429e+00
   -5.178139e+00    -7.417966e+00    -7.545766e+00
   -5.178427e+00    -7.731527e+00    -7.575204e+00
   -5.178715e+00    -7.400908e+00    -8.358527e+00
   -5.179003e+00    -7.567634e+00    -7.717699e+00
   -5.179290e+00    -7.720414e+00    -7.506310e+00
   -5.179578e+00    -7.945365e+00    -7.380240e+00
   -5.179865e+00    -7.508459e+00    -7.701326e+00
   -5.180152e+00    -8.024388e+00    -7.812401e+00
   -5.180438e+00    -7.655065e+00    -7.394994e+00
   -5.180725e+00    -7.554230e+00    -7.693756e+00
   -5.181011e+00    -8.153261e+00    -8.636925e+00
   -5.181298e+00    -7.637527e+00    -7.456570e+00
   -5.181584e+00    -7.402719e+00    -7.620901e+00
   -5.181869e+00    -8.612168e+00    -9.271601e+00
   -5.182155e+00    -7.833261e+00    -7.830611e+00
   -5.182440e+00    -8.271831e+00    -8.613263e+00
   -5.182726e+00    -7.488634e+00    -7.593908e+00
   -5.183011e+00    -8.434952e+00    -7.475738e+00
   -5.183295e+00    -8.426942e+00    -7.743308e+00
   -5.183580e+00    -7.456392e+00    -7.773923e+00
   -5.183865e+00    -7.412177e+00    -7.672382e+00
   -5.184149e+00    -7.578712e+00    -8.042703e+00
   -5.184433e+00    -7.614348e+00    -7.604264e+00
   -5.184717e+00    -7.418874e+00    -7.566320e+00
   -5.185001e+00    -7.605204e+00    -7.409434e+00
   -5.185284e+00    -8.399002e+00    -7.809615e+00
   -5.185568e+00    -8.456563e+00    -7.488675e+00
   -5.185851e+00    -7.656201e+00    -7.884862e+00
   -5.186134e+00    -7.378076e+00    -7.608459e+00
   -5.186417e+00    -7.398821e+00    -7.654395e+00
   -5.186699e+00    -7.402775e+00    -7.599569e+00
   -5.186982e+00    -7.475251e+00    -8.369498e+00
   -5.187264e+00    -7.396478e+00    -7.777942e+00
   -5.187546e+00    -8.386468e+00    -7.920553e+00
   -5.187828e+00    -7.764757e+00    -7.418039e+00
   -5.188110e+00    -8.691507e+00    -8.385100e+00
   -5.188391e+00    -7.936562e+00    -8.408287e+00
   -5.188673e+00    -7.857341e+00    -7.589235e+00
   -5.188954e+00    -8.485697e+00    -7.921399e+00
   -5.189235e+00    -9.231205e+00    -7.436280e+00
   -5.189516e+00    -9.175583e+00    -7.749907e+00
   -5.189796e+00    -7.561997e+00    -7.655348e+00
   -5.190077e+00    -7.661385e+00    -7.937357e+00
   -5.190357e+00    -7.870605e+00    -7.732246e+00
   -5.190637e+00    -7.611221e+00    -7.902377e+00
   -5.190917e+00    -7.901936e+00    -7.578332e+00
   -5.191197e+00    -7.846335e+00    -7.452224e+00
   -5.191476e+00    -9.223237e+00    -7.412922e+00
   -5.191756e+00    -7.799243e+00    -8.410145e+00
   -5.192035e+00    -8.800747e+00    -7.668187e+00
   -5.192314e+00    -7.475179e+00    -7.556894e+00
   -5.192593e+00    -7.914026e+00    -8.631653e+00
   -5.192871e+00    -7.357870e+00    -7.350553e+00
   -5.193150e+00    -8.062085e+00    -8.045282e+00
   -5.193428e+00    -7.299149e+00    -7.569587e+00
   -5.193706e+00    -9.519995e+00    -7.328956e+00
   -5.193984e+00    -7.145277e+00    -7.436442e+00
   -5.194262e+00    -7.357737e+00    -8.856783e+00
   -5.194539e+00    -7.171647e+00    -7.320967e+00
   -5.194817e+00    -7.126051e+00    -7.187189e+00
   -5.195094e+00    -7.206356e+00    -7.730112e+00
   -5.195371e+00    -7.536330e+00    -7.452928e+00
   -5.195648e+00    -7.210708e+00    -7.626640e+00
   -5.195925e+00    -7.617947e+00    -8.153440e+00
   -5.196201e+00    -7.410949e+00    -7.487828e+00
   -5.196477e+00    -7.605102e+00    -7.285769e+00
   -5.196754e+00    -7.679625e+00    -7.279792e+00
   -5.197030e+00    -7.193015e+00    -7.354209e+00
   -5.197305e+00    -7.126830e+00    -7.176947e+00
   -5.197581e+00    -7.195163e+00    -7.948420e+00
   -5.197856e+00    -7.574843e+00    -7.687342e+00
   -5.198132e+00    -7.466629e+00    -8.352730e+00
   -5.198407e+00    -8.081079e+00    -7.539510e+00
   -5.198682e+00    -7.466181e+00    -7.425547e+00
   -5.198957e+00    -8.560676e+00    -7.458654e+00
   -5.199231e+00    -7.344303e+00    -7.591287e+00
   -5.199506e+00    -7.123733e+00    -7.240081e+00
   -5.199780e+00    -7.398020e+00    -8.102066e+00
   -5.200054e+00    -7.228859e+00    -7.432911e+00
   -5.200328e+00    -9.268991e+00    -7.303277e+00
   -5.200602e+00    -7.146482e+00    -7.137775e+00
   -5.200875e+00    -7.356146e+00    -7.321810e+00
   -5.201148e+00    -7.455081e+00    -7.197090e+00
   -5.201422e+00    -7.259213e+00    -7.437755e+00
   -5.201695e+00    -7.312115e+00    -9.150255e+00
   -5.201968e+00    -7.197173e+00    -9.002667e+00
   -5.202240e+00    -7.418496e+00    -7.256929e+00
   -5.202513e+00    -7.217243e+00    -7.305855e+00
   -5.202785e+00    -7.113645e+00    -7.199056e+00
   -5.203057e+00    -8.545265e+00    -7.424074e+00
   -5.203329e+00    -7.561825e+00    -7.533955e+00
   -5.203601e+00    -7.993303e+00    -7.873009e+00
   -5.203873e+00    -7.506241e+00    -8.291948e+00
   -5.204144e+00    -7.766797e+00    -7.234372e+00
   -5.204416e+00    -7.395710e+00    -7.171786e+00
   -5.204687e+00    -7.249906e+00    -7.674479e+00
   -5.204958e+00    -7.359562e+00    -8.320989e+00
   -5.205229e+00    -7.365997e+00    -7.828128e+00
   -5.205499e+00    -7.427114e+00    -7.257134e+00
   -5.205770e+00    -7.181423e+00    -7.259127e+00
   -5.206040e+00    -7.379857e+00    -7.246052e+00
   -5.206310e+00    -7.479906e+00    -7.304507e+00
   -5.206580e+00    -7.872831e+00    -7.172682e+00
   -5.206850e+00    -7.186233e+00    -7.601071e+00
   -5.207120e+00    -7.779215e+00    -7.500613e+00
   -5.207389e+00    -7.550111e+00    -7.647259e+00
   -5.207659e+00    -9.081046e+00    -7.959673e+00
   -5.207928e+00    -7.532079e+00    -8.371625e+00
   -5.208197e+00    -7.120596e+00    -8.290615e+00
