-1 -2.77837 -2.47864 -1.46664 -2.59769 -2.92888 -1.43766 -2.66308 -1.30139 -3.60278
-1.30103 -3.38027 -3.07956 -1.75997 -3.21408 -3.53078 -1.74549 -3.24668 -1.60215 -4.50533
-1.60206 -3.98228 -3.68134 -2.05726 -3.82378 -4.1328 -2.05002 -3.84007 -1.90311 -5.40829
-1.90309 -4.58433 -4.28332 -2.35645 -4.42979 -4.73485 -2.35283 -4.43793 -2.20413 -6.31134
-2.20412 -5.18639 -4.88537 -2.65657 -5.03385 -5.33691 -2.65476 -5.03792 -2.50515 -7.21442
-2.50515 -5.78845 -5.48742 -2.95715 -5.63692 -5.93897 -2.95624 -5.63896 -2.80618 -8.11751
-2.80618 -6.39051 -6.08948 -3.25795 -6.23949 -6.54103 -3.2575 -6.24051 -3.10721 -9.02059
-3.10721 -6.99257 -6.69154 -3.55887 -6.8418 -7.14309 -3.55864 -6.84231 -3.40824 -9.9231
-3.40824 -7.59463 -7.2936 -3.85984 -7.44399 -7.74515 -3.85973 -7.44424 -3.70927 -10.8303
-3.70927 -8.19669 -7.89566 -4.16084 -8.04612 -8.34722 -4.16079 -8.04623 -4.0103 -11.9443
-4.0103 -8.79875 -8.49772 -4.46186 -8.6483 -8.94927 -4.46183 -8.64808 -4.31133 -inf
-4.31133 -9.40081 -9.09978 -4.76288 -9.25153 -9.55143 -4.76287 -9.24977 -4.61236 -inf
-4.61236 -10.0029 -9.70184 -5.06391 -9.87646 -10.1443 -5.0639 -9.85472 -4.91339 -inf
-4.91339 -10.6049 -10.3039 -5.36494 -10.3772 -10.8992 -5.36493 -10.292 -5.21442 -inf
-5.21442 -11.207 -10.906 -5.66597 -11.2537 -11.4536 -5.66597 -10.8335 -5.51545 -inf
-5.51545 -11.8091 -11.508 -5.96701 -10.1727 -10.8992 -5.967 -10.624 -5.81648 -inf
-5.81648 -12.4111 -12.11 -6.26805 -11.2537 -11.2537 -6.26806 -10.106 -6.1175 -inf
-6.11751 -13.0131 -12.712 -6.56896 -9.52781 -10.106 -6.56921 -9.82075 -6.41861 -inf
-6.41854 -13.6141 -13.3151 -6.87045 -9.2392 -11.2537 -6.87049 -9.82075 -6.71981 -inf
-6.71957 -14.2142 -13.9212 -7.17429 -8.93608 -9.54445 -7.1706 -9.54445 -7.02018 -inf
-7.0206 -14.8085 -14.5074 -7.48676 -8.634 -9.2392 -7.47166 -11.2537 -7.32121 -inf
-7.32163 -15.3525 -15.1764 -7.78771 -11.2537 -11.2537 -7.78801 -8.93191 -7.63296 -inf
-7.62266 -15.9546 -15.6536 -8.03064 -8.33141 -8.63192 -8.33245 -8.15549 -7.85481 -inf
-7.92369 -inf -15.6536 -8.33245 -7.63306 -8.33245 -8.33245 -8.33245 -8.0309 -inf
-8.22472 -inf -inf -8.33245 -8.33245 -8.33245 -8.33245 -8.33245 -inf -inf
-8.52575 -inf -inf -8.33245 -7.48676 -7.85464 -7.48676 -7.1558 -inf -inf
-8.82678 -inf -inf -7.37775 -7.37775 -8.33245 -7.48676 -7.48676 -inf -inf
-9.12781 -inf -inf -7.37775 -6.97018 -7.37775 -7.37775 -6.93401 -inf -inf
-9.42884 -inf -inf -6.71916 -6.71916 -7.37775 -6.97018 -6.59156 -inf -inf
-9.72987 -inf -inf -6.71916 -6.71916 -6.97018 -6.3924 -6.15295 -inf -inf
-10.0309 -inf -inf -6.71916 -6.71916 -6.3924 -5.99949 -5.79663 -inf -inf
-10.3319 -inf -inf -5.58921 -5.30458 -5.85918 -6.71916 -5.85918 -inf -inf
-10.633 -inf -inf -6.71916 -5.33938 -6.71916 -6.71916 -6.71916 -inf -inf
-10.934 -inf -inf -5.30458 -4.83875 -6.71916 -5.33938 -5.02938 -inf -inf
-11.235 -inf -inf -5.33938 -4.62615 -5.33938 -5.33938 -5.33938 -inf -inf
-11.536 -inf -inf -4.83875 -4.83875 -4.83875 -4.83875 -4.47405 -inf -inf
-11.8371 -inf -inf -4.83875 -4.83875 -4.83875 -4.83875 -4.83875 -inf -inf
-12.1381 -inf -inf -4.83875 -4.83875 -4.20903 -3.85983 -3.53659 -inf -inf
-12.4391 -inf -inf -4.83875 -3.53659 -3.85983 -3.53659 -3.35333 -inf -inf
-12.7402 -inf -inf -3.4953 -3.4953 -4.83875 -3.53659 -3.53659 -inf -inf
-13.0412 -inf -inf -3.4953 -2.81237 -3.4953 -3.4953 -3.03151 -inf -inf
-13.3422 -inf -inf -3.04526 -3.04526 -3.04526 -3.04526 -2.67331 -inf -inf
-13.6433 -inf -inf -3.04526 -2.23778 -3.04526 -3.04526 -3.04526 -inf -inf
-13.9443 -inf -inf -2.39992 -2.39992 -2.39992 -2.39992 -2.05234 -inf -inf
-14.2453 -inf -inf -2.39992 -2.39992 -2.39992 -2.39992 -2.39992 -inf -inf
-14.5463 -inf -inf -2.39992 -2.39992 -1.80828 -1.45493 -1.12993 -inf -inf
-14.8474 -inf -inf -2.39992 -1.12993 -1.45493 -1.12993 -0.946132 -inf -inf
-15.1484 -inf -inf -1.08562 -1.08562 -2.39992 -1.12993 -1.12993 -inf -inf
-15.4494 -inf -inf -1.08562 -1.08562 -1.08562 -1.08562 -0.622772 -inf -inf
-15.7505 -inf -inf -1.08562 -0.265286 -0.63753 -0.265286 0.0674031 -inf -inf
