-1 -2.77838 -2.47863 -1.46664 -2.59779 -2.92898 -1.43767 -2.66282 -1.30139 -3.60354
-1.30103 -3.38024 -3.07959 -1.75997 -3.21455 -3.53161 -1.74551 -3.24485 -1.60215 -4.50872
-1.60206 -3.98243 -3.6814 -2.05741 -3.84505 -4.12332 -2.05001 -3.84144 -1.90308 -5.32163
-1.90309 -4.58424 -4.2842 -2.35692 -4.62593 -4.71552 -2.35313 -4.34562 -2.20403 -inf
-2.20412 -5.18729 -4.8823 -2.65608 -4.62593 -6.7476 -2.65601 -4.62593 -2.50473 -inf
-2.50515 -5.79336 -5.49233 -2.96187 -4.83911 -5.30564 -2.95795 -4.84997 -2.80576 -inf
-2.80618 -6.44657 -6.07859 -3.28435 -4.04202 -4.83911 -3.26079 -4.62593 -3.11751 -inf
-3.10721 -7.22472 -6.62266 -3.66878 -3.7771 -4.83911 -3.61374 -4.00019 -3.41854 -inf
-3.40824 -inf -6.92369 -3.85979 -4.83911 -4.20894 -4.83911 -3.53657 -3.81648 -inf
-3.70927 -inf -inf -4.83911 -3.49531 -4.83911 -4.83911 -3.85979 -inf -inf
-4.0103 -inf -inf -3.49531 -2.81238 -4.83911 -3.53657 -3.04525 -inf -inf
-4.31133 -inf -inf -3.49531 -2.81238 -3.53657 -3.04525 -2.67331 -inf -inf
-4.61236 -inf -inf -3.04525 -3.04525 -3.04525 -3.04525 -2.67331 -inf -inf
-4.91339 -inf -inf -3.04525 -2.39992 -3.04525 -3.04525 -2.47594 -inf -inf
-5.21442 -inf -inf -2.39992 -2.39992 -3.04525 -2.23778 -1.80828 -inf -inf
-5.51545 -inf -inf -2.39992 -2.39992 -2.23778 -1.80828 -1.45493 -inf -inf
-5.81648 -inf -inf -2.39992 -2.39992 -1.80828 -1.45493 -1.12993 -inf -inf
-6.11751 -inf -inf -2.39992 -1.08562 -1.45493 -1.12993 -0.817391 -inf -inf
-6.41854 -inf -inf -1.08562 -1.08562 -2.39992 -1.12993 -0.817391 -inf -inf
-6.71957 -inf -inf -1.08562 -1.08562 -1.12993 -0.63753 -0.265286 -inf -inf
-7.0206 -inf -inf -1.08562 -0.150515 -0.63753 -0.265286 0.0674031 -inf -inf
-7.32163 -inf -inf -0.150515 -0.150515 -1.08562 -0.265286 0.0674031 -inf -inf
-7.62266 -inf -inf -0.150515 -0.150515 -0.150515 -0.150515 -0.150515 -inf -inf
-7.92369 -inf -inf -0.150515 -0.150515 -0.150515 -0.150515 0.253554 -inf -inf
-8.22472 -inf -inf -0.150515 -0.150515 -0.150515 -0.150515 0.63275 -inf -inf
-8.52575 -inf -inf -0.150515 -0.150515 -0.150515 -0.150515 0.968151 -inf -inf
-8.82678 -inf -inf -0.150515 -0.150515 -0.150515 -0.150515 1.2854 -inf -inf
-9.12781 -inf -inf -0.150515 -0.150515 -0.150515 -0.150515 1.59431 -inf -inf
-9.42884 -inf -inf -0.150515 -0.150515 -0.150515 -0.150515 1.89923 -inf -inf
-9.72987 -inf -inf -0.150515 -0.150515 -0.150515 -0.150515 2.2022 -inf -inf
-10.0309 -inf -inf -0.150515 -0.150515 -0.150515 -0.150515 2.50419 -inf -inf
-10.3319 -inf -inf -0.150515 -0.150515 -0.150515 -0.150515 2.8057 -inf -inf
-10.633 -inf -inf -0.150515 -0.150515 -0.150515 -0.150515 3.10697 -inf -inf
-10.934 -inf -inf -0.150515 -0.150515 -0.150515 -0.150515 3.40812 -inf -inf
-11.235 -inf -inf -0.150515 -0.150515 -0.150515 -0.150515 3.70921 -inf -inf
-11.536 -inf -inf -0.150515 -0.150515 -0.150515 -0.150515 4.01027 -inf -inf
-11.8371 -inf -inf -0.150515 -0.150515 -0.150515 -0.150515 4.31132 -inf -inf
-12.1381 -inf -inf -0.150515 -0.150515 -0.150515 -0.150515 4.61235 -inf -inf
-12.4391 -inf -inf -0.150515 -0.150515 -0.150515 -0.150515 4.91339 -inf -inf
-12.7402 -inf -inf -0.150515 -0.150515 -0.150515 -0.150515 5.21442 -inf -inf
-13.0412 -inf -inf -0.150515 -0.150515 -0.150515 -0.150515 5.51545 -inf -inf
-13.3422 -inf -inf -0.150515 -0.150515 -0.150515 -0.150515 5.81648 -inf -inf
-13.6433 -inf -inf -0.150515 -0.150515 -0.150515 -0.150515 6.11751 -inf -inf
-13.9443 -inf -inf -0.150515 -0.150515 -0.150515 -0.150515 6.41854 -inf -inf
-14.2453 -inf -inf -0.150515 -0.150515 -0.150515 -0.150515 6.71957 -inf -inf
-14.5463 -inf -inf -0.150515 -0.150515 -0.150515 -0.150515 7.0206 -inf -inf
-14.8474 -inf -inf -0.150515 -0.150515 -0.150515 -0.150515 7.32163 -inf -inf
-15.1484 -inf -inf -0.150515 -0.150515 -0.150515 -0.150515 7.62266 -inf -inf
-15.4494 -inf -inf -0.150515 -0.150515 -0.150515 -0.150515 7.92369 -inf -inf
-15.7505 -inf -inf -0.150515 -0.150515 -0.150515 -0.150515 8.22472 -inf -inf
