-30 0
-29.99 0
-29.98 0
-29.97 0
-29.96 0
-29.95 0
-29.94 0
-29.93 0
-29.92 0
-29.91 0
-29.9 0
-29.89 0
-29.88 0
-29.87 0
-29.86 0
-29.85 0
-29.84 0
-29.83 0
-29.82 0
-29.81 0
-29.8 0
-29.79 0
-29.78 0
-29.77 0
-29.76 0
-29.75 0
-29.74 0
-29.73 0
-29.72 0
-29.71 0
-29.7 0
-29.69 0
-29.68 0
-29.67 0
-29.66 0
-29.65 0
-29.64 0
-29.63 0
-29.62 0
-29.61 0
-29.6 0
-29.59 0
-29.58 0
-29.57 0
-29.56 0
-29.55 0
-29.54 0
-29.53 0
-29.52 0
-29.51 0
-29.5 0
-29.49 0
-29.48 0
-29.47 0
-29.46 0
-29.45 0
-29.44 0
-29.43 0
-29.42 0
-29.41 0
-29.4 0
-29.39 0
-29.38 0
-29.37 0
-29.36 0
-29.35 0
-29.34 0
-29.33 0
-29.32 0
-29.31 0
-29.3 0
-29.29 0
-29.28 0
-29.27 0
-29.26 0
-29.25 0
-29.24 0
-29.23 0
-29.22 0
-29.21 0
-29.2 0
-29.19 0
-29.18 0
-29.17 0
-29.16 0
-29.15 0
-29.14 0
-29.13 0
-29.12 0
-29.11 0
-29.1 0
-29.09 0
-29.08 0
-29.07 0
-29.06 0
-29.05 0
-29.04 0
-29.03 0
-29.02 0
-29.01 0
-29 0
-28.99 0
-28.98 0
-28.97 0
-28.96 0
-28.95 0
-28.94 0
-28.93 0
-28.92 0
-28.91 0
-28.9 0
-28.89 0
-28.88 0
-28.87 0
-28.86 0
-28.85 0
-28.84 0
-28.83 0
-28.82 0
-28.81 0
-28.8 0
-28.79 0
-28.78 0
-28.77 0
-28.76 0
-28.75 0
-28.74 0
-28.73 0
-28.72 0
-28.71 0
-28.7 0
-28.69 0
-28.68 0
-28.67 0
-28.66 0
-28.65 0
-28.64 0
-28.63 0
-28.62 0
-28.61 0
-28.6 0
-28.59 0
-28.58 0
-28.57 0
-28.56 0
-28.55 0
-28.54 0
-28.53 0
-28.52 0
-28.51 0
-28.5 0
-28.49 0
-28.48 0
-28.47 0
-28.46 0
-28.45 0
-28.44 0
-28.43 0
-28.42 0
-28.41 0
-28.4 0
-28.39 0
-28.38 0
-28.37 0
-28.36 0
-28.35 0
-28.34 0
-28.33 0
-28.32 0
-28.31 0
-28.3 0
-28.29 0
-28.28 0
-28.27 0
-28.26 0
-28.25 0
-28.24 0
-28.23 0
-28.22 0
-28.21 0
-28.2 0
-28.19 0
-28.18 0
-28.17 0
-28.16 0
-28.15 0
-28.14 0
-28.13 0
-28.12 0
-28.11 0
-28.1 0
-28.09 0
-28.08 0
-28.07 0
-28.06 0
-28.05 0
-28.04 0
-28.03 0
-28.02 0
-28.01 0
-28 0
-27.99 0
-27.98 0
-27.97 0
-27.96 0
-27.95 0
-27.94 0
-27.93 0
-27.92 0
-27.91 0
-27.9 0
-27.89 0
-27.88 0
-27.87 0
-27.86 0
-27.85 0
-27.84 0
-27.83 0
-27.82 0
-27.81 0
-27.8 0
-27.79 0
-27.78 0
-27.77 0
-27.76 0
-27.75 0
-27.74 0
-27.73 0
-27.72 0
-27.71 0
-27.7 0
-27.69 0
-27.68 0
-27.67 0
-27.66 0
-27.65 0
-27.64 0
-27.63 0
-27.62 0
-27.61 0
-27.6 0
-27.59 0
-27.58 0
-27.57 0
-27.56 0
-27.55 0
-27.54 0
-27.53 0
-27.52 0
-27.51 0
-27.5 0
-27.49 0
-27.48 0
-27.47 0
-27.46 0
-27.45 0
-27.44 0
-27.43 0
-27.42 0
-27.41 0
-27.4 0
-27.39 0
-27.38 0
-27.37 0
-27.36 0
-27.35 0
-27.34 0
-27.33 0
-27.32 0
-27.31 0
-27.3 0
-27.29 0
-27.28 0
-27.27 0
-27.26 0
-27.25 0
-27.24 0
-27.23 0
-27.22 0
-27.21 0
-27.2 0
-27.19 0
-27.18 0
-27.17 0
-27.16 0
-27.15 0
-27.14 0
-27.13 0
-27.12 0
-27.11 0
-27.1 0
-27.09 0
-27.08 0
-27.07 0
-27.06 0
-27.05 0
-27.04 0
-27.03 0
-27.02 0
-27.01 0
-27 0
-26.99 0
-26.98 0
-26.97 0
-26.96 0
-26.95 0
-26.94 0
-26.93 0
-26.92 0
-26.91 0
-26.9 0
-26.89 0
-26.88 0
-26.87 0
-26.86 0
-26.85 0
-26.84 0
-26.83 0
-26.82 0
-26.81 0
-26.8 0
-26.79 0
-26.78 0
-26.77 0
-26.76 0
-26.75 0
-26.74 0
-26.73 0
-26.72 0
-26.71 0
-26.7 0
-26.69 0
-26.68 0
-26.67 0
-26.66 0
-26.65 0
-26.64 0
-26.63 0
-26.62 0
-26.61 0
-26.6 0
-26.59 0
-26.58 0
-26.57 0
-26.56 0
-26.55 0
-26.54 0
-26.53 0
-26.52 0
-26.51 0
-26.5 0
-26.49 0
-26.48 0
-26.47 0
-26.46 0
-26.45 0
-26.44 0
-26.43 0
-26.42 0
-26.41 0
-26.4 0
-26.39 0
-26.38 0
-26.37 0
-26.36 0
-26.35 0
-26.34 0
-26.33 0
-26.32 0
-26.31 0
-26.3 0
-26.29 0
-26.28 0
-26.27 0
-26.26 0
-26.25 0
-26.24 0
-26.23 0
-26.22 0
-26.21 0
-26.2 0
-26.19 0
-26.18 0
-26.17 0
-26.16 0
-26.15 0
-26.14 0
-26.13 0
-26.12 0
-26.11 0
-26.1 0
-26.09 0
-26.08 0
-26.07 0
-26.06 0
-26.05 0
-26.04 0
-26.03 0
-26.02 0
-26.01 0
-26 0
-25.99 0
-25.98 0
-25.97 0
-25.96 0
-25.95 0
-25.94 0
-25.93 0
-25.92 0
-25.91 0
-25.9 0
-25.89 0
-25.88 0
-25.87 0
-25.86 0
-25.85 0
-25.84 0
-25.83 0
-25.82 0
-25.81 0
-25.8 0
-25.79 0
-25.78 0
-25.77 0
-25.76 0
-25.75 0
-25.74 0
-25.73 0
-25.72 0
-25.71 0
-25.7 0
-25.69 0
-25.68 0
-25.67 0
-25.66 0
-25.65 0
-25.64 0
-25.63 0
-25.62 0
-25.61 0
-25.6 0
-25.59 0
-25.58 0
-25.57 0
-25.56 0
-25.55 0
-25.54 0
-25.53 0
-25.52 0
-25.51 0
-25.5 0
-25.49 0
-25.48 0
-25.47 0
-25.46 0
-25.45 0
-25.44 0
-25.43 0
-25.42 0
-25.41 0
-25.4 0
-25.39 0
-25.38 0
-25.37 0
-25.36 0
-25.35 0
-25.34 0
-25.33 0
-25.32 0
-25.31 0
-25.3 0
-25.29 0
-25.28 0
-25.27 0
-25.26 0
-25.25 0
-25.24 0
-25.23 0
-25.22 0
-25.21 0
-25.2 0
-25.19 0
-25.18 0
-25.17 0
-25.16 0
-25.15 0
-25.14 0
-25.13 0
-25.12 0
-25.11 0
-25.1 0
-25.09 0
-25.08 0
-25.07 0
-25.06 0
-25.05 0
-25.04 0
-25.03 0
-25.02 0
-25.01 0
-25 0
-24.99 0
-24.98 0
-24.97 0
-24.96 0
-24.95 0
-24.94 0
-24.93 0
-24.92 0
-24.91 0
-24.9 0
-24.89 0
-24.88 0
-24.87 0
-24.86 0
-24.85 0
-24.84 0
-24.83 0
-24.82 0
-24.81 0
-24.8 0
-24.79 0
-24.78 0
-24.77 0
-24.76 0
-24.75 0
-24.74 0
-24.73 0
-24.72 0
-24.71 0
-24.7 0
-24.69 0
-24.68 0
-24.67 0
-24.66 0
-24.65 0
-24.64 0
-24.63 0
-24.62 0
-24.61 0
-24.6 0
-24.59 0
-24.58 0
-24.57 0
-24.56 0
-24.55 0
-24.54 0
-24.53 0
-24.52 0
-24.51 0
-24.5 0
-24.49 0
-24.48 0
-24.47 0
-24.46 0
-24.45 0
-24.44 0
-24.43 0
-24.42 0
-24.41 0
-24.4 0
-24.39 0
-24.38 0
-24.37 0
-24.36 0
-24.35 0
-24.34 0
-24.33 0
-24.32 0
-24.31 0
-24.3 0
-24.29 0
-24.28 0
-24.27 0
-24.26 0
-24.25 0
-24.24 0
-24.23 0
-24.22 0
-24.21 0
-24.2 0
-24.19 0
-24.18 0
-24.17 0
-24.16 0
-24.15 0
-24.14 0
-24.13 0
-24.12 0
-24.11 0
-24.1 0
-24.09 0
-24.08 0
-24.07 0
-24.06 0
-24.05 0
-24.04 0
-24.03 0
-24.02 0
-24.01 0
-24 0
-23.99 0
-23.98 0
-23.97 0
-23.96 0
-23.95 0
-23.94 0
-23.93 0
-23.92 0
-23.91 0
-23.9 0
-23.89 0
-23.88 0
-23.87 0
-23.86 0
-23.85 0
-23.84 0
-23.83 0
-23.82 0
-23.81 0
-23.8 0
-23.79 0
-23.78 0
-23.77 0
-23.76 0
-23.75 0
-23.74 0
-23.73 0
-23.72 0
-23.71 0
-23.7 0
-23.69 0
-23.68 0
-23.67 0
-23.66 0
-23.65 0
-23.64 0
-23.63 0
-23.62 0
-23.61 0
-23.6 0
-23.59 0
-23.58 0
-23.57 0
-23.56 0
-23.55 0
-23.54 0
-23.53 0
-23.52 0
-23.51 0
-23.5 0
-23.49 0
-23.48 0
-23.47 0
-23.46 0
-23.45 0
-23.44 0
-23.43 0
-23.42 0
-23.41 0
-23.4 0
-23.39 0
-23.38 0
-23.37 0
-23.36 0
-23.35 0
-23.34 0
-23.33 0
-23.32 0
-23.31 0
-23.3 0
-23.29 0
-23.28 0
-23.27 0
-23.26 0
-23.25 0
-23.24 0
-23.23 0
-23.22 0
-23.21 0
-23.2 0
-23.19 0
-23.18 0
-23.17 0
-23.16 0
-23.15 0
-23.14 0
-23.13 0
-23.12 0
-23.11 0
-23.1 0
-23.09 0
-23.08 0
-23.07 0
-23.06 0
-23.05 0
-23.04 0
-23.03 0
-23.02 0
-23.01 0
-23 0
-22.99 0
-22.98 0
-22.97 0
-22.96 0
-22.95 0
-22.94 0
-22.93 0
-22.92 0
-22.91 0
-22.9 0
-22.89 0
-22.88 0
-22.87 0
-22.86 0
-22.85 0
-22.84 0
-22.83 0
-22.82 0
-22.81 0
-22.8 0
-22.79 0
-22.78 0
-22.77 0
-22.76 0
-22.75 0
-22.74 0
-22.73 0
-22.72 0
-22.71 0
-22.7 0
-22.69 0
-22.68 0
-22.67 0
-22.66 0
-22.65 0
-22.64 0
-22.63 0
-22.62 0
-22.61 0
-22.6 0
-22.59 0
-22.58 0
-22.57 0
-22.56 0
-22.55 0
-22.54 0
-22.53 0
-22.52 0
-22.51 0
-22.5 0
-22.49 0
-22.48 0
-22.47 0
-22.46 0
-22.45 0
-22.44 0
-22.43 0
-22.42 0
-22.41 0
-22.4 0
-22.39 0
-22.38 0
-22.37 0
-22.36 0
-22.35 0
-22.34 0
-22.33 0
-22.32 0
-22.31 0
-22.3 0
-22.29 0
-22.28 0
-22.27 0
-22.26 0
-22.25 0
-22.24 0
-22.23 0
-22.22 0
-22.21 0
-22.2 0
-22.19 0
-22.18 0
-22.17 0
-22.16 0
-22.15 0
-22.14 0
-22.13 0
-22.12 0
-22.11 0
-22.1 0
-22.09 0
-22.08 0
-22.07 0
-22.06 0
-22.05 0
-22.04 0
-22.03 0
-22.02 0
-22.01 0
-22 0
-21.99 0
-21.98 0
-21.97 0
-21.96 0
-21.95 0
-21.94 0
-21.93 0
-21.92 0
-21.91 0
-21.9 0
-21.89 0
-21.88 0
-21.87 0
-21.86 0
-21.85 0
-21.84 0
-21.83 0
-21.82 0
-21.81 0
-21.8 0
-21.79 0
-21.78 0
-21.77 0
-21.76 0
-21.75 0
-21.74 0
-21.73 0
-21.72 0
-21.71 0
-21.7 0
-21.69 0
-21.68 0
-21.67 0
-21.66 0
-21.65 0
-21.64 0
-21.63 0
-21.62 0
-21.61 0
-21.6 0
-21.59 0
-21.58 0
-21.57 0
-21.56 0
-21.55 0
-21.54 0
-21.53 0
-21.52 0
-21.51 0
-21.5 0
-21.49 0
-21.48 0
-21.47 0
-21.46 0
-21.45 0
-21.44 0
-21.43 0
-21.42 0
-21.41 0
-21.4 0
-21.39 0
-21.38 0
-21.37 0
-21.36 0
-21.35 0
-21.34 0
-21.33 0
-21.32 0
-21.31 0
-21.3 0
-21.29 0
-21.28 0
-21.27 0
-21.26 0
-21.25 0
-21.24 0
-21.23 0
-21.22 0
-21.21 0
-21.2 0
-21.19 0
-21.18 0
-21.17 0
-21.16 0
-21.15 0
-21.14 0
-21.13 0
-21.12 0
-21.11 0
-21.1 0
-21.09 0
-21.08 0
-21.07 0
-21.06 0
-21.05 0
-21.04 0
-21.03 0
-21.02 0
-21.01 0
-21 0
-20.99 0
-20.98 0
-20.97 0
-20.96 0
-20.95 0
-20.94 0
-20.93 0
-20.92 0
-20.91 0
-20.9 0
-20.89 0
-20.88 0
-20.87 0
-20.86 0
-20.85 0
-20.84 0
-20.83 0
-20.82 0
-20.81 0
-20.8 0
-20.79 0
-20.78 0
-20.77 0
-20.76 0
-20.75 0
-20.74 0
-20.73 0
-20.72 0
-20.71 0
-20.7 0
-20.69 0
-20.68 0
-20.67 0
-20.66 0
-20.65 0
-20.64 0
-20.63 0
-20.62 0
-20.61 0
-20.6 0
-20.59 0
-20.58 0
-20.57 0
-20.56 0
-20.55 0
-20.54 0
-20.53 0
-20.52 0
-20.51 0
-20.5 0
-20.49 0
-20.48 0
-20.47 0
-20.46 0
-20.45 0
-20.44 0
-20.43 0
-20.42 0
-20.41 0
-20.4 0
-20.39 0
-20.38 0
-20.37 0
-20.36 0
-20.35 0
-20.34 0
-20.33 0
-20.32 0
-20.31 0
-20.3 0
-20.29 0
-20.28 0
-20.27 0
-20.26 0
-20.25 0
-20.24 0
-20.23 0
-20.22 0
-20.21 0
-20.2 0
-20.19 0
-20.18 0
-20.17 0
-20.16 0
-20.15 0
-20.14 0
-20.13 0
-20.12 0
-20.11 0
-20.1 0
-20.09 0
-20.08 0
-20.07 0
-20.06 0
-20.05 0
-20.04 0
-20.03 0
-20.02 0
-20.01 0
-20 0
-19.99 0
-19.98 0
-19.97 0
-19.96 0
-19.95 0
-19.94 0
-19.93 0
-19.92 0
-19.91 0
-19.9 0
-19.89 0
-19.88 0
-19.87 0
-19.86 0
-19.85 0
-19.84 0
-19.83 0
-19.82 0
-19.81 0
-19.8 0
-19.79 0
-19.78 0
-19.77 0
-19.76 0
-19.75 0
-19.74 0
-19.73 0
-19.72 0
-19.71 0
-19.7 0
-19.69 0
-19.68 0
-19.67 0
-19.66 0
-19.65 0
-19.64 0
-19.63 0
-19.62 0
-19.61 0
-19.6 0
-19.59 0
-19.58 0
-19.57 0
-19.56 0
-19.55 0
-19.54 0
-19.53 0
-19.52 0
-19.51 0
-19.5 0
-19.49 0
-19.48 0
-19.47 0
-19.46 0
-19.45 0
-19.44 0
-19.43 0
-19.42 0
-19.41 0
-19.4 0
-19.39 0
-19.38 0
-19.37 0
-19.36 0
-19.35 0
-19.34 0
-19.33 0
-19.32 0
-19.31 0
-19.3 0
-19.29 0
-19.28 0
-19.27 0
-19.26 0
-19.25 0
-19.24 0
-19.23 0
-19.22 0
-19.21 0
-19.2 0
-19.19 0
-19.18 0
-19.17 0
-19.16 0
-19.15 0
-19.14 0
-19.13 0
-19.12 0
-19.11 0
-19.1 0
-19.09 0
-19.08 0
-19.07 0
-19.06 0
-19.05 0
-19.04 0
-19.03 0
-19.02 0
-19.01 0
-19 0
-18.99 0
-18.98 0
-18.97 0
-18.96 0
-18.95 0
-18.94 0
-18.93 0
-18.92 0
-18.91 0
-18.9 0
-18.89 0
-18.88 0
-18.87 0
-18.86 0
-18.85 0
-18.84 0
-18.83 0
-18.82 0
-18.81 0
-18.8 0
-18.79 0
-18.78 0
-18.77 0
-18.76 0
-18.75 0
-18.74 0
-18.73 0
-18.72 0
-18.71 0
-18.7 0
-18.69 0
-18.68 0
-18.67 0
-18.66 0
-18.65 0
-18.64 0
-18.63 0
-18.62 0
-18.61 0
-18.6 0
-18.59 0
-18.58 0
-18.57 0
-18.56 0
-18.55 0
-18.54 0
-18.53 0
-18.52 0
-18.51 0
-18.5 0
-18.49 0
-18.48 0
-18.47 0
-18.46 0
-18.45 0
-18.44 0
-18.43 0
-18.42 0
-18.41 0
-18.4 0
-18.39 0
-18.38 0
-18.37 0
-18.36 0
-18.35 0
-18.34 0
-18.33 0
-18.32 0
-18.31 0
-18.3 0
-18.29 0
-18.28 0
-18.27 0
-18.26 0
-18.25 0
-18.24 0
-18.23 0
-18.22 0
-18.21 0
-18.2 0
-18.19 0
-18.18 0
-18.17 0
-18.16 0
-18.15 0
-18.14 0
-18.13 0
-18.12 0
-18.11 0
-18.1 0
-18.09 0
-18.08 0
-18.07 0
-18.06 0
-18.05 0
-18.04 0
-18.03 0
-18.02 0
-18.01 0
-18 0
-17.99 0
-17.98 0
-17.97 0
-17.96 0
-17.95 0
-17.94 0
-17.93 0
-17.92 0
-17.91 0
-17.9 0
-17.89 0
-17.88 0
-17.87 0
-17.86 0
-17.85 0
-17.84 0
-17.83 0
-17.82 0
-17.81 0
-17.8 0
-17.79 0
-17.78 0
-17.77 0
-17.76 0
-17.75 0
-17.74 0
-17.73 0
-17.72 0
-17.71 0
-17.7 0
-17.69 0
-17.68 0
-17.67 0
-17.66 0
-17.65 0
-17.64 0
-17.63 0
-17.62 0
-17.61 0
-17.6 0
-17.59 0
-17.58 0
-17.57 0
-17.56 0
-17.55 0
-17.54 0
-17.53 0
-17.52 0
-17.51 0
-17.5 0
-17.49 0
-17.48 0
-17.47 0
-17.46 0
-17.45 0
-17.44 0
-17.43 0
-17.42 0
-17.41 0
-17.4 0
-17.39 0
-17.38 0
-17.37 0
-17.36 0
-17.35 0
-17.34 0
-17.33 0
-17.32 0
-17.31 0
-17.3 0
-17.29 0
-17.28 0
-17.27 0
-17.26 0
-17.25 0
-17.24 0
-17.23 0
-17.22 0
-17.21 0
-17.2 0
-17.19 0
-17.18 0
-17.17 0
-17.16 0
-17.15 0
-17.14 0
-17.13 0
-17.12 0
-17.11 0
-17.1 0
-17.09 0
-17.08 0
-17.07 0
-17.06 0
-17.05 0
-17.04 0
-17.03 0
-17.02 0
-17.01 0
-17 0
-16.99 0
-16.98 0
-16.97 0
-16.96 0
-16.95 0
-16.94 0
-16.93 0
-16.92 0
-16.91 0
-16.9 0
-16.89 0
-16.88 0
-16.87 0
-16.86 0
-16.85 0
-16.84 0
-16.83 0
-16.82 0
-16.81 0
-16.8 0
-16.79 0
-16.78 0
-16.77 0
-16.76 0
-16.75 0
-16.74 0
-16.73 0
-16.72 0
-16.71 0
-16.7 0
-16.69 0
-16.68 0
-16.67 0
-16.66 0
-16.65 0
-16.64 0
-16.63 0
-16.62 0
-16.61 0
-16.6 0
-16.59 0
-16.58 0
-16.57 0
-16.56 0
-16.55 0
-16.54 0
-16.53 0
-16.52 0
-16.51 0
-16.5 0
-16.49 0
-16.48 0
-16.47 0
-16.46 0
-16.45 0
-16.44 0
-16.43 0
-16.42 0
-16.41 0
-16.4 0
-16.39 0
-16.38 0
-16.37 0
-16.36 0
-16.35 0
-16.34 0
-16.33 0
-16.32 0
-16.31 0
-16.3 0
-16.29 0
-16.28 0
-16.27 0
-16.26 0
-16.25 -0.0113132
-16.24 -0.0318223
-16.23 -0.0528462
-16.22 -0.0744241
-16.21 -0.0966002
-16.2 -0.119424
-16.19 -0.14295
-16.18 -0.167242
-16.17 -0.19237
-16.16 -0.218417
-16.15 -0.245475
-16.14 -0.273652
-16.13 -0.303076
-16.12 -0.333895
-16.11 -0.366285
-16.1 -0.400458
-16.09 -0.43667
-16.08 -0.475238
-16.07 -0.516558
-16.06 -0.561131
-16.05 -0.609611
-16.04 -0.66287
-16.03 -0.722103
-16.02 -0.789023
-16.01 -0.866195
-16 -0.957728
-15.99 -1.07083
-15.98 -1.22001
-15.97 -1.44225
-15.96 -1.90186
-15.95 -1.97829
-15.94 -1.48101
-15.93 -1.25927
-15.92 -1.11602
-15.91 -1.01065
-15.9 -0.927682
-15.89 -0.859515
-15.88 -0.801866
-15.87 -0.752075
-15.86 -0.708377
-15.85 -0.669541
-15.84 -0.634674
-15.83 -0.603109
-15.82 -0.574331
-15.81 -0.547938
-15.8 -0.523608
-15.79 -0.50108
-15.78 -0.48014
-15.77 -0.512161
-15.76 -0.556372
-15.75 -0.604414
-15.74 -0.657132
-15.73 -0.715682
-15.72 -0.78171
-15.71 -0.85767
-15.7 -0.947463
-15.69 -1.05786
-15.68 -1.20223
-15.67 -1.41363
-15.66 -1.82566
-15.65 -2.08814
-15.64 -1.51229
-15.63 -1.27734
-15.62 -1.12864
-15.61 -1.0203
-15.6 -0.93545
-15.59 -0.865994
-15.58 -0.807405
-15.57 -0.756897
-15.56 -0.712636
-15.55 -0.740487
-15.54 -0.810045
-15.53 -0.890834
-15.52 -0.987634
-15.51 -1.10911
-15.5 -1.27368
-15.49 -1.5335
-15.48 -2.23314
-15.47 -1.76828
-15.46 -1.40423
-15.45 -1.21261
-15.44 -1.08272
-15.43 -0.984897
-15.42 -0.906772
-15.41 -0.84929
-15.4 -0.937412
-15.39 -1.04523
-15.38 -1.18511
-15.37 -1.38672
-15.36 -1.76071
-15.35 -2.23597
-15.34 -1.54609
-15.33 -1.29624
-15.32 -1.14167
-15.31 -1.03018
-15.3 -0.968216
-15.29 -1.08417
-15.28 -1.2385
-15.27 -1.47281
-15.26 -1.9941
-15.25 -1.89087
-15.24 -1.4519
-15.23 -1.24196
-15.22 -1.10378
-15.21 -1.09505
-15.2 -1.25375
-15.19 -1.49868
-15.18 -2.08437
-15.17 -1.83221
-15.16 -1.43011
-15.15 -1.2287
-15.14 -1.13802
-15.13 -1.31556
-15.12 -1.61099
-15.11 -2.93144
-15.1 -1.66518
-15.09 -1.35764
-15.08 -1.18275
-15.07 -1.36132
-15.06 -1.7041
-15.05 -2.46251
-15.04 -1.58283
-15.03 -1.31606
-15.02 -1.3345
-15.01 -1.6483
-15 -3.0973
-14.99 -1.62812
-14.98 -1.33941
-14.97 -1.44225
-14.96 -1.90186
-14.95 -1.97829
-14.94 -1.48101
-14.93 -1.40397
-14.92 -1.80168
-14.91 -2.13463
-14.9 -1.52389
-14.89 -1.46637
-14.88 -1.97353
-14.87 -1.90741
-14.86 -1.4577
-14.85 -1.66212
-14.84 -2.82759
-14.83 -1.61589
-14.82 -1.56986
-14.81 -2.44998
-14.8 -1.71455
-14.79 -1.57127
-14.78 -2.46051
-14.77 -1.71268
-14.76 -1.65391
-14.75 -2.96612
-14.74 -1.62307
-14.73 -1.86702
-14.72 -2.02276
-14.71 -1.60375
-14.7 -2.80319
-14.69 -1.67315
-14.68 -2.01621
-14.67 -1.87457
-14.66 -1.82566
-14.65 -2.08814
-14.64 -1.75147
-14.63 -2.26413
-14.62 -1.73994
-14.61 -2.30299
-14.6 -1.78063
-14.59 -2.18255
-14.58 -1.88512
-14.57 -1.99864
-14.56 -2.11103
-14.55 -1.8183
-14.54 -3.05374
-14.53 -1.80355
-14.52 -2.13073
-14.51 -2.22686
-14.5 -1.7704
-14.49 -2.29808
-14.48 -2.23314
-14.47 -1.80368
-14.46 -2.13045
-14.45 -2.88915
-14.44 -2.04207
-14.43 -1.85721
-14.42 -2.14646
-14.41 -2.9206
-14.4 -2.40324
-14.39 -2.07823
-14.38 -1.9197
-14.37 -1.95839
-14.36 -2.09237
-14.35 -2.23597
-14.34 -2.38199
-14.33 -2.51119
-14.32 -2.58862
-14.31 -2.58256
-14.3 -2.49946
-14.29 -2.37579
-14.28 -2.2425
-14.27 -2.1146
-14.26 -1.99715
-14.25 -2.16202
-14.24 -2.48676
-14.23 -3.14115
-14.22 -2.29725
-14.21 -2.07989
-14.2 -2.52821
-14.19 -2.57324
-14.18 -2.08437
-14.17 -2.76814
-14.16 -2.29684
-14.15 -2.43554
-14.14 -2.41424
-14.13 -2.46531
-14.12 -2.32058
-14.11 -2.93144
-14.1 -2.19823
-14.09 -2.53567
-14.08 -2.96407
-14.07 -2.35786
-14.06 -2.24193
-14.05 -2.46251
-14.04 -2.74836
-14.03 -3.1459
-14.02 -3.67727
-14.01 -3.60806
-14 -3.0973
-13.99 -2.73404
-13.98 -2.47359
-13.97 -2.29785
-13.96 -2.61797
-13.95 -3.20914
-13.94 -2.39499
-13.93 -2.78246
-13.92 -2.57166
-13.91 -2.77219
-13.9 -2.45918
-13.89 -3.518
-13.88 -2.65631
-13.87 -2.38891
-13.86 -2.57089
-13.85 -2.74273
-13.84 -2.82759
-13.83 -2.77002
-13.82 -2.61676
-13.81 -2.44998
-13.8 -2.76452
-13.79 -3.26331
-13.78 -2.49127
-13.77 -3.63058
-13.76 -2.5199
-13.75 -2.96612
-13.74 -3.23269
-13.73 -2.78039
-13.72 -2.6648
-13.71 -2.67217
-13.7 -2.80319
-13.69 -3.27963
-13.68 -3.0026
-13.67 -2.65163
-13.66 -3.54602
-13.65 -2.75568
-13.64 -2.77928
-13.63 -3.15035
-13.62 -3.50425
-13.61 -3.34232
-13.6 -2.95558
-13.59 -2.68395
-13.58 -3.43747
-13.57 -2.7492
-13.56 -3.49769
-13.55 -3.25037
-13.54 -3.05374
-13.53 -3.17245
-13.52 -4.31835
-13.51 -2.90168
-13.5 -3.23096
-13.49 -2.79504
-13.48 -3.06567
-13.47 -3.17563
-13.46 -2.99934
-13.45 -2.88915
-13.44 -4.01437
-13.43 -2.97951
-13.42 -2.88705
-13.41 -2.9206
-13.4 -2.93452
-13.39 -3.75526
-13.38 -2.89104
-13.37 -3.22538
-13.36 -3.34293
-13.35 -3.0772
-13.34 -3.14986
-13.33 -3.14985
-13.32 -3.58669
-13.31 -3.45836
-13.3 -3.0218
-13.29 -3.92004
-13.28 -3.20409
-13.27 -3.23011
-13.26 -4.44945
-13.25 -3.0162
-13.24 -3.22292
-13.23 -3.14115
-13.22 -3.31534
-13.21 -3.16549
-13.2 -3.25511
-13.19 -3.11489
-13.18 -3.77566
-13.17 -4.19808
-13.16 -3.63041
-13.15 -3.27423
-13.14 -3.12787
-13.13 -3.36656
-13.12 -3.40981
-13.11 -3.58632
-13.1 -3.18502
-13.09 -3.74191
-13.08 -3.60461
-13.07 -3.32467
-13.06 -3.20063
-13.05 -3.53813
-13.04 -3.24589
-13.03 -3.32334
-13.02 -3.67727
-13.01 -3.60806
-13 -3.50732
-12.99 -3.48803
-12.98 -3.7453
-12.97 -3.84224
-12.96 -3.41453
-12.95 -3.42984
-12.94 -3.79752
-12.93 -3.62038
-12.92 -4.05021
-12.91 -3.93875
-12.9 -4.27071
-12.89 -3.518
-12.88 -3.49468
-12.87 -4.50771
-12.86 -3.56361
-12.85 -3.62644
-12.84 -4.31115
-12.83 -3.70563
-12.82 -3.6651
-12.81 -4.44571
-12.8 -3.49646
-12.79 -3.85639
-12.78 -3.92661
-12.77 -3.63058
-12.76 -3.76029
-12.75 -3.77597
-12.74 -4.6037
-12.73 -3.88417
-12.72 -3.77756
-12.71 -3.82318
-12.7 -4.01774
-12.69 -4.73248
-12.68 -4.16284
-12.67 -3.81485
-12.66 -3.65162
-12.65 -3.64114
-12.64 -3.68098
-12.63 -3.63121
-12.62 -3.82486
-12.61 -5.62596
-12.6 -3.661
-12.59 -4.04925
-12.58 -4.24493
-12.57 -3.88076
-12.56 -4.06963
-12.55 -3.77484
-12.54 -3.94424
-12.53 -4.0963
-12.52 -4.31835
-12.51 -3.7538
-12.5 -3.94071
-12.49 -3.94944
-12.48 -3.83509
-12.47 -4.91838
-12.46 -4.38772
-12.45 -4.40732
-12.44 -4.01437
-12.43 -3.83277
-12.42 -3.88951
-12.41 -4.22833
-12.4 -4.3257
-12.39 -4.01395
-12.38 -4.33304
-12.37 -4.12713
-12.36 -4.26231
-12.35 -4.0386
-12.34 -4.68824
-12.33 -5.41017
-12.32 -4.56785
-12.31 -3.97753
-12.3 -4.18731
-12.29 -4.01655
-12.28 -5.01787
-12.27 -4.50162
-12.26 -4.44945
-12.25 -4.62409
-12.24 -4.70525
-12.23 -4.49963
-12.22 -4.16142
-12.21 -4.43081
-12.2 -4.5545
-12.19 -4.09834
-12.18 -6.38233
-12.17 -4.19808
-12.16 -4.13239
-12.15 -4.21213
-12.14 -4.67145
-12.13 -4.71382
-12.12 -4.3023
-12.11 -4.57147
-12.1 -4.33962
-12.09 -4.35081
-12.08 -4.73477
-12.07 -4.3165
-12.06 -5.13567
-12.05 -4.39242
-12.04 -4.38741
-12.03 -6.05286
-12.02 -4.65244
-12.01 -4.7132
-12 -4.65518
-11.99 -6.37604
-11.98 -4.49097
-11.97 -4.39588
-11.96 -4.69882
-11.95 -4.61758
-11.94 -4.4686
-11.93 -4.35843
-11.92 -5.48658
-11.91 -4.60375
-11.9 -4.46127
-11.89 -4.38371
-11.88 -4.77598
-11.87 -4.50771
-11.86 -4.49676
-11.85 -6.25216
-11.84 -4.55346
-11.83 -4.54937
-11.82 -5.41649
-11.81 -4.44571
-11.8 -4.50255
-11.79 -5.64215
-11.78 -4.81295
-11.77 -4.56242
-11.76 -4.74485
-11.75 -4.70356
-11.74 -4.6037
-11.73 -4.94613
-11.72 -5.1022
-11.71 -4.68687
-11.7 -4.81563
-11.69 -4.73248
-11.68 -4.80706
-11.67 -5.58096
-11.66 -4.69785
-11.65 -4.71061
-11.64 -4.83543
-11.63 -5.51867
-11.62 -4.96552
-11.61 -5.62596
-11.6 -5.56505
-11.59 -5.53865
-11.58 -4.83314
-11.57 -5.1052
-11.56 -5.34045
-11.55 -4.98404
-11.54 -5.74802
-11.53 -5.31216
-11.52 -4.94761
-11.51 -5.47479
-11.5 -5.03137
-11.49 -5.02598
-11.48 -4.91817
-11.47 -4.91838
-11.46 -5.04897
-11.45 -5.10483
-11.44 -5.30016
-11.43 -5.61283
-11.42 -4.915
-11.41 -5.69089
-11.4 -5.06873
-11.39 -4.91462
-11.38 -5.16635
-11.37 -5.46152
-11.36 -5.42079
-11.35 -5.10105
-11.34 -5.42149
-11.33 -5.41017
-11.32 -5.4142
-11.31 -5.09538
-11.3 -5.82704
-11.29 -5.01452
-11.28 -5.01787
-11.27 -5.00695
-11.26 -5.31168
-11.25 -5.3957
-11.24 -6.37719
-11.23 -5.21763
-11.22 -5.32389
-11.21 -5.96943
-11.2 -5.13678
-11.19 -5.2048
-11.18 -6.38233
-11.17 -5.63623
-11.16 -5.18612
-11.15 -5.863
-11.14 -5.22308
-11.13 -5.3614
-11.12 -5.22573
-11.11 -5.74941
-11.1 -5.41817
-11.09 -5.44267
-11.08 -5.29503
-11.07 -5.40607
-11.06 -5.2652
-11.05 -5.50294
-11.04 -5.35055
-11.03 -6.05287
-11.02 -6.00471
-11.01 -5.47283
-11 -7.08226
-10.99 -6.37605
-10.98 -6.31922
-10.97 -5.90136
-10.96 -6.61277
-10.95 -5.36326
-10.94 -5.32935
-10.93 -5.46371
-10.92 -5.48658
-10.91 -5.66357
-10.9 -6.15318
-10.89 -5.75492
-10.88 -7.02809
-10.87 -5.73184
-10.86 -6.50568
-10.85 -6.25216
-10.84 -5.5586
-10.83 -5.74489
-10.82 -5.45563
-10.81 -8.12544
-10.8 -5.46633
-10.79 -5.64215
-10.78 -5.69811
-10.77 -5.90674
-10.76 -5.93144
-10.75 -5.97474
-10.74 -6.29986
-10.73 -6.21896
-10.72 -5.68264
-10.71 -5.65547
-10.7 -5.85257
-10.69 -5.65721
-10.68 -6.45818
-10.67 -5.59033
-10.66 -6.60719
-10.65 -6.43708
-10.64 -7.16399
-10.63 -5.76783
-10.62 -5.80414
-10.61 -5.66621
-10.6 -5.77019
-10.59 -5.84579
-10.58 -5.69429
-10.57 -6.39691
-10.56 -6.27151
-10.55 -5.84066
-10.54 -5.74802
-10.53 -5.95408
-10.52 -6.59669
-10.51 -6.61746
-10.5 -5.91032
-10.49 -6.05882
-10.48 -5.87355
-10.47 -5.98361
-10.46 -6.17256
-10.45 -5.81484
-10.44 -5.95639
-10.43 -6.26011
-10.42 -6.31786
-10.41 -6.08822
-10.4 -6.76937
-10.39 -5.8957
-10.38 -5.93114
-10.37 -6.06921
-10.36 -5.90251
-10.35 -6.33002
-10.34 -5.97106
-10.33 -6.06637
-10.32 -6.10449
-10.31 -5.98341
-10.3 -6.1391
-10.29 -5.99476
-10.28 -6.00851
-10.27 -6.30512
-10.26 -6.07661
-10.25 -7.14227
-10.24 -6.37721
-10.23 -6.39549
-10.22 -6.10575
-10.21 -6.13809
-10.2 -6.58515
-10.19 -6.19526
-10.18 -6.3823
-10.17 -6.17479
-10.16 -7.0204
-10.15 -6.70466
-10.14 -6.83207
-10.13 -6.84812
-10.12 -7.03401
-10.11 -6.4554
-10.1 -6.42588
-10.09 -6.3106
-10.08 -6.56948
-10.07 -7.89805
-10.06 -6.47995
-10.05 -6.22467
-10.04 -6.38926
-10.03 -6.51673
-10.02 -6.76102
-10.01 -7.3789
-10 -7.08202
-9.99 -6.3761
-9.98 -6.31918
-9.97 -6.6597
-9.96 -6.61268
-9.95 -6.42654
-9.94 -6.82238
-9.93 -6.46596
-9.92 -6.36424
-9.91 -6.43766
-9.9 -6.74706
-9.89 -7.46125
-9.88 -7.02837
-9.87 -6.68146
-9.86 -6.50559
-9.85 -6.64494
-9.84 -6.50984
-9.83 -6.52573
-9.82 -6.782
-9.81 -8.12141
-9.8 -7.06853
-9.79 -6.64595
-9.78 -8.51762
-9.77 -7.16736
-9.76 -6.97142
-9.75 -6.72392
-9.74 -6.9632
-9.73 -8.10418
-9.72 -6.59539
-9.71 -7.17422
-9.7 -6.57649
-9.69 -7.57287
-9.68 -6.73687
-9.67 -7.55448
-9.66 -6.60736
-9.65 -6.88441
-9.64 -7.16465
-9.63 -6.72644
-9.62 -6.74107
-9.61 -6.98037
-9.6 -7.15291
-9.59 -6.884
-9.58 -7.05098
-9.57 -7.94246
-9.56 -6.87881
-9.55 -6.87754
-9.54 -6.85851
-9.53 -7.76476
-9.52 -6.94061
-9.51 -6.92771
-9.5 -6.75741
-9.49 -6.80664
-9.48 -8.48097
-9.47 -7.25448
-9.46 -7.49653
-9.45 -7.48138
-9.44 -6.93055
-9.43 -7.31511
-9.42 -6.98626
-9.41 -7.40042
-9.4 -6.96264
-9.39 -7.04099
-9.38 -6.97181
-9.37 -7.14214
-9.36 -7.70262
-9.35 -7.53482
-9.34 -7.01263
-9.33 -7.03917
-9.32 -7.04334
-9.31 -7.02579
-9.3 -7.21355
-9.29 -7.15202
-9.28 -7.11396
-9.27 -7.08828
-9.26 -7.52403
-9.25 -7.1438
-9.24 -7.47594
-9.23 -7.60363
-9.22 -7.33148
-9.21 -8.14765
-9.2 -7.07442
-9.19 -7.30414
-9.18 -7.10299
-9.17 -7.93927
-9.16 -7.18873
-9.15 -7.38836
-9.14 -8.24251
-9.13 -8.12128
-9.12 -7.27126
-9.11 -7.19362
-9.1 -7.35078
-9.09 -7.24503
-9.08 -8.66828
-9.07 -7.88509
-9.06 -7.28707
-9.05 -7.56647
-9.04 -7.37199
-9.03 -7.28242
-9.02 -7.23997
-9.01 -7.38349
-9 -7.55624
-8.99 -7.85989
-8.98 -7.30002
-8.97 -7.9142
-8.96 -7.3773
-8.95 -7.66162
-8.94 -7.37318
-8.93 -7.45052
-8.92 -7.53908
-8.91 -8.33512
-8.9 -8.67894
-8.89 -7.46859
-8.88 -8.05234
-8.87 -7.41942
-8.86 -8.05003
-8.85 -8.06227
-8.84 -8.89905
-8.83 -8.54181
-8.82 -7.71729
-8.81 -8.08312
-8.8 -7.79412
-8.79 -7.67102
-8.78 -8.42212
-8.77 -8.4672
-8.76 -7.6949
-8.75 -8.63151
-8.74 -7.90793
-8.73 -8.06023
-8.72 -7.70002
-8.71 -7.96283
-8.7 -7.9152
-8.69 -7.58805
-8.68 -7.60537
-8.67 -7.60212
-8.66 -8.11056
-8.65 -7.76262
-8.64 -7.72232
-8.63 -9.19288
-8.62 -8.59799
-8.61 -7.88395
-8.6 -7.71657
-8.59 -8.65864
-8.58 -8.24494
-8.57 -7.99117
-8.56 -7.90313
-8.55 -7.80502
-8.54 -7.84856
-8.53 -7.73244
-8.52 -8.24226
-8.51 -7.93092
-8.5 -8.66867
-8.49 -7.85372
-8.48 -8.3193
-8.47 -8.0784
-8.46 -8.84846
-8.45 -8.47957
-8.44 -8.18016
-8.43 -8.01381
-8.42 -7.92511
-8.41 -8.02297
-8.4 -9.11074
-8.39 -8.13067
-8.38 -8.68765
-8.37 -8.39029
-8.36 -8.12117
-8.35 -8.63418
-8.34 -8.68215
-8.33 -8.83463
-8.32 -9.89587
-8.31 -8.86644
-8.3 -8.12184
-8.29 -8.1062
-8.28 -7.99735
-8.27 -8.45542
-8.26 -8.13999
-8.25 -8.01371
-8.24 -8.11056
-8.23 -8.46782
-8.22 -8.15168
-8.21 -8.36218
-8.2 -9.05163
-8.19 -8.31445
-8.18 -8.66578
-8.17 -8.09892
-8.16 -8.59353
-8.15 -8.52743
-8.14 -8.60885
-8.13 -8.3739
-8.12 -8.20568
-8.11 -8.47806
-8.1 -8.20538
-8.09 -8.85045
-8.08 -8.79683
-8.07 -8.4185
-8.06 -8.34065
-8.05 -8.20586
-8.04 -8.73553
-8.03 -9.3934
-8.02 -8.42974
-8.01 -8.54165
-8 -8.96759
-7.99 -8.48323
-7.98 -8.52371
-7.97 -8.42988
-7.96 -8.42644
-7.95 -8.54675
-7.94 -8.82442
-7.93 -8.74398
-7.92 -8.37554
-7.91 -8.94517
-7.9 -8.44724
-7.89 -8.63019
-7.88 -8.53277
-7.87 -9.0354
-7.86 -8.5686
-7.85 -8.63682
-7.84 -8.61295
-7.83 -8.69422
-7.82 -8.47422
-7.81 -9.04995
-7.8 -8.66119
-7.79 -8.90466
-7.78 -8.67203
-7.77 -8.69411
-7.76 -9.38794
-7.75 -8.66794
-7.74 -8.71484
-7.73 -9.09567
-7.72 -9.5589
-7.71 -8.58734
-7.7 -8.62222
-7.69 -9.49651
-7.68 -8.63284
-7.67 -8.76117
-7.66 -8.62466
-7.65 -8.64973
-7.64 -8.97949
-7.63 -9.36084
-7.62 -9.00651
-7.61 -8.6953
-7.6 -9.36651
-7.59 -9.09497
-7.58 -9.19264
-7.57 -8.71979
-7.56 -9.15058
-7.55 -9.1107
-7.54 -8.92297
-7.53 -8.76914
-7.52 -9.03019
-7.51 -9.31669
-7.5 -8.92834
-7.49 -9.25427
-7.48 -9.37472
-7.47 -9.46015
-7.46 -8.99519
-7.45 -9.29503
-7.44 -8.81832
-7.43 -8.97646
-7.42 -9.21192
-7.41 -9.26851
-7.4 -9.39002
-7.39 -10.5321
-7.38 -9.3063
-7.37 -9.30918
-7.36 -9.1143
-7.35 -9.41949
-7.34 -9.10357
-7.33 -9.22495
-7.32 -9.27165
-7.31 -9.55453
-7.3 -9.04308
-7.29 -9.21988
-7.28 -9.76888
-7.27 -9.09948
-7.26 -9.15632
-7.25 -9.26553
-7.24 -9.07146
-7.23 -9.33039
-7.22 -9.6892
-7.21 -11.4084
-7.2 -9.18829
-7.19 -9.31126
-7.18 -9.16361
-7.17 -9.20935
-7.16 -10.7455
-7.15 -9.18002
-7.14 -9.29048
-7.13 -9.17006
-7.12 -9.99636
-7.11 -9.85518
-7.1 -10.3365
-7.09 -9.59179
-7.08 -9.49867
-7.07 -9.42538
-7.06 -9.37951
-7.05 -9.60614
-7.04 -9.60692
-7.03 -10.3501
-7.02 -9.72035
-7.01 -9.69123
-7 -9.31301
-6.99 -9.34844
-6.98 -9.39341
-6.97 -10.2906
-6.96 -10.5017
-6.95 -9.80723
-6.94 -10.7477
-6.93 -10.3999
-6.92 -9.86415
-6.91 -9.44854
-6.9 -9.59437
-6.89 -9.40951
-6.88 -10.4246
-6.87 -9.99383
-6.86 -9.99973
-6.85 -10.3028
-6.84 -9.42436
-6.83 -9.55752
-6.82 -9.68812
-6.81 -9.46888
-6.8 -10.2932
-6.79 -9.53066
-6.78 -9.51708
-6.77 -9.89017
-6.76 -10.5266
-6.75 -9.7796
-6.74 -9.63957
-6.73 -9.93427
-6.72 -9.67604
-6.71 -9.69062
-6.7 -9.71235
-6.69 -9.68379
-6.68 -9.77895
-6.67 -10.4477
-6.66 -9.78523
-6.65 -9.73181
-6.64 -10.2363
-6.63 -9.79566
-6.62 -10.2891
-6.61 -9.98716
-6.6 -9.99134
-6.59 -9.8272
-6.58 -10.5686
-6.57 -9.98159
-6.56 -10.0452
-6.55 -10.5449
-6.54 -10.9106
-6.53 -9.76722
-6.52 -10.1396
-6.51 -9.81744
-6.5 -10.9061
-6.49 -10.7721
-6.48 -10.2434
-6.47 -9.84911
-6.46 -9.82768
-6.45 -10.4742
-6.44 -9.96815
-6.43 -10.9725
-6.42 -10.1712
-6.41 -9.93629
-6.4 -10.3957
-6.39 -10.2183
-6.38 -9.89106
-6.37 -10.0833
-6.36 -10.1077
-6.35 -10.1914
-6.34 -10.6843
-6.33 -10.2065
-6.32 -10.458
-6.31 -9.97689
-6.3 -11.0566
-6.29 -10.6423
-6.28 -10.0212
-6.27 -10.4144
-6.26 -10.098
-6.25 -12.5028
-6.24 -10.0616
-6.23 -10.667
-6.22 -10.0642
-6.21 -11.3774
-6.2 -10.9734
-6.19 -10.5369
-6.18 -10.1882
-6.17 -10.1333
-6.16 -10.7533
-6.15 -10.2535
-6.14 -10.5768
-6.13 -11.0049
-6.12 -10.9086
-6.11 -10.3768
-6.1 -10.4571
-6.09 -10.9957
-6.08 -10.2046
-6.07 -10.6048
-6.06 -11.4138
-6.05 -10.2916
-6.04 -10.3492
-6.03 -10.7416
-6.02 -10.5637
-6.01 -10.3475
-6 -10.7997
-5.99 -10.3699
-5.98 -10.2979
-5.97 -10.5943
-5.96 -10.4205
-5.95 -10.528
-5.94 -11.6455
-5.93 -10.374
-5.92 -10.7516
-5.91 -10.9607
-5.9 -10.8357
-5.89 -10.807
-5.88 -10.6382
-5.87 -10.4337
-5.86 -11.4825
-5.85 -10.5467
-5.84 -10.4271
-5.83 -10.8071
-5.82 -10.7804
-5.81 -10.7992
-5.8 -10.4966
-5.79 -10.5574
-5.78 -11.2351
-5.77 -10.6986
-5.76 -11.5327
-5.75 -10.904
-5.74 -10.7559
-5.73 -11.9879
-5.72 -10.9223
-5.71 -10.6472
-5.7 -10.8407
-5.69 -10.5757
-5.68 -11.0986
-5.67 -11.0334
-5.66 -10.9482
-5.65 -10.665
-5.64 -10.6256
-5.63 -11.0446
-5.62 -11.6388
-5.61 -11.2831
-5.6 -11.2817
-5.59 -12.1324
-5.58 -11.3769
-5.57 -10.8117
-5.56 -11.1598
-5.55 -10.9734
-5.54 -10.8864
-5.53 -10.8934
-5.52 -11.5134
-5.51 -10.923
-5.5 -12.8622
-5.49 -11.6077
-5.48 -10.81
-5.47 -10.9797
-5.46 -11.1122
-5.45 -11.4069
-5.44 -10.8643
-5.43 -10.884
-5.42 -11.1328
-5.41 -11.4672
-5.4 -12.3542
-5.39 -11.1089
-5.38 -11.0982
-5.37 -10.9312
-5.36 -11.3751
-5.35 -11.2611
-5.34 -11.5704
-5.33 -11.1311
-5.32 -11.1456
-5.31 -11.0649
-5.3 -12.5186
-5.29 -11.3914
-5.28 -11.3205
-5.27 -11.1002
-5.26 -11.1952
-5.25 -11.0895
-5.24 -11.1115
-5.23 -11.2328
-5.22 -11.3713
-5.21 -11.278
-5.2 -11.1526
-5.19 -11.9668
-5.18 -11.3912
-5.17 -11.5265
-5.16 -11.2576
-5.15 -11.752
-5.14 -11.4119
-5.13 -11.5718
-5.12 -11.5176
-5.11 -11.9276
-5.1 -11.8172
-5.09 -11.635
-5.08 -11.7251
-5.07 -11.4958
-5.06 -11.3068
-5.05 -11.8379
-5.04 -11.3836
-5.03 -11.4261
-5.02 -11.9598
-5.01 -12.3309
-5 -12.2419
-4.99 -11.404
-4.98 -12.1627
-4.97 -11.7008
-4.96 -11.4141
-4.95 -11.3401
-4.94 -12.4759
-4.93 -11.9749
-4.92 -11.5827
-4.91 -11.5236
-4.9 -11.4258
-4.89 -12.7671
-4.88 -11.5328
-4.87 -11.7882
-4.86 -11.4964
-4.85 -11.883
-4.84 -11.4741
-4.83 -11.4367
-4.82 -11.6173
-4.81 -11.7245
-4.8 -11.67
-4.79 -11.6043
-4.78 -12.8608
-4.77 -11.782
-4.76 -11.5231
-4.75 -11.5701
-4.74 -11.7611
-4.73 -12.103
-4.72 -12.649
-4.71 -11.7408
-4.7 -11.6796
-4.69 -13.0865
-4.68 -11.9111
-4.67 -11.9039
-4.66 -11.8067
-4.65 -12.5151
-4.64 -11.6783
-4.63 -12.0598
-4.62 -12.7329
-4.61 -11.8969
-4.6 -11.7506
-4.59 -12.1127
-4.58 -11.8889
-4.57 -12.2068
-4.56 -11.8124
-4.55 -12.2734
-4.54 -12.3482
-4.53 -11.7917
-4.52 -12.0229
-4.51 -11.9788
-4.5 -11.8846
-4.49 -11.9515
-4.48 -11.9477
-4.47 -12.147
-4.46 -11.9484
-4.45 -12.0555
-4.44 -12.5088
-4.43 -11.9957
-4.42 -11.9525
-4.41 -12.3152
-4.4 -13.2111
-4.39 -12.397
-4.38 -11.9508
-4.37 -12.3597
-4.36 -12.1028
-4.35 -12.5765
-4.34 -12.677
-4.33 -14.1622
-4.32 -12.0303
-4.31 -12.1292
-4.3 -11.9709
-4.29 -12.3659
-4.28 -12.9674
-4.27 -12.5445
-4.26 -12.2203
-4.25 -12.7852
-4.24 -12.344
-4.23 -12.3792
-4.22 -12.736
-4.21 -13.0418
-4.2 -12.115
-4.19 -12.5143
-4.18 -12.5266
-4.17 -12.3435
-4.16 -12.5141
-4.15 -12.1674
-4.14 -12.2036
-4.13 -12.1709
-4.12 -13.52
-4.11 -12.649
-4.1 -12.2314
-4.09 -12.9305
-4.08 -12.2141
-4.07 -12.5234
-4.06 -12.7609
-4.05 -12.8026
-4.04 -12.8366
-4.03 -12.2722
-4.02 -12.5518
-4.01 -12.5378
-4 -13.8682
-3.99 -12.3369
-3.98 -12.7076
-3.97 -12.5284
-3.96 -12.4154
-3.95 -12.5509
-3.94 -13.7902
-3.93 -12.787
-3.92 -12.5097
-3.91 -12.6912
-3.9 -13.6601
-3.89 -12.598
-3.88 -12.4165
-3.87 -13.1979
-3.86 -12.5413
-3.85 -12.5015
-3.84 -12.8258
-3.83 -12.7324
-3.82 -13.0877
-3.81 -12.773
-3.8 -12.9524
-3.79 -12.6248
-3.78 -13.0061
-3.77 -12.558
-3.76 -12.5981
-3.75 -13.5601
-3.74 -13.9375
-3.73 -12.7238
-3.72 -12.8087
-3.71 -12.9167
-3.7 -12.64
-3.69 -14.6758
-3.68 -12.6983
-3.67 -12.7316
-3.66 -13.9015
-3.65 -12.607
-3.64 -13.2017
-3.63 -13.0032
-3.62 -12.7336
-3.61 -12.8772
-3.6 -12.6715
-3.59 -12.9207
-3.58 -13.1088
-3.57 -13.359
-3.56 -12.9088
-3.55 -13.3557
-3.54 -13.3062
-3.53 -12.7866
-3.52 -12.8436
-3.51 -13.0256
-3.5 -13.4129
-3.49 -13.0574
-3.48 -13.0726
-3.47 -12.9754
-3.46 -13.0037
-3.45 -12.871
-3.44 -13.2946
-3.43 -13.0482
-3.42 -13.6492
-3.41 -13.1559
-3.4 -13.0942
-3.39 -13.314
-3.38 -13.3875
-3.37 -13.0032
-3.36 -13.7504
-3.35 -14.9545
-3.34 -12.9442
-3.33 -12.9759
-3.32 -13.8789
-3.31 -13.0624
-3.3 -13.2787
-3.29 -14.1349
-3.28 -14.9131
-3.27 -13.3958
-3.26 -13.359
-3.25 -13.5797
-3.24 -13.2625
-3.23 -13.6757
-3.22 -13.7065
-3.21 -13.0663
-3.2 -13.308
-3.19 -13.4217
-3.18 -13.6666
-3.17 -14.5565
-3.16 -13.2117
-3.15 -13.473
-3.14 -13.1389
-3.13 -13.2926
-3.12 -14.6757
-3.11 -13.5965
-3.1 -13.2696
-3.09 -14.4493
-3.08 -13.2078
-3.07 -13.4399
-3.06 -13.4359
-3.05 -14.0971
-3.04 -13.3384
-3.03 -13.4965
-3.02 -13.2359
-3.01 -13.6825
-3 -13.5198
-2.99 -13.4845
-2.98 -13.3041
-2.97 -13.2916
-2.96 -13.3968
-2.95 -13.4588
-2.94 -13.5945
-2.93 -13.7584
-2.92 -13.9953
-2.91 -13.4801
-2.9 -15.4772
-2.89 -14.1348
-2.88 -14.1092
-2.87 -13.5278
-2.86 -13.531
-2.85 -14.7238
-2.84 -13.6446
-2.83 -13.7421
-2.82 -13.7162
-2.81 -13.8751
-2.8 -15
-2.79 -13.8787
-2.78 -13.8643
-2.77 -13.7341
-2.76 -13.6801
-2.75 -13.5326
-2.74 -13.6553
-2.73 -13.7447
-2.72 -13.8369
-2.71 -13.9011
-2.7 -13.6965
-2.69 -14.449
-2.68 -14.507
-2.67 -14.3859
-2.66 -13.7211
-2.65 -13.7723
-2.64 -13.9585
-2.63 -13.9541
-2.62 -13.8142
-2.61 -14.035
-2.6 -13.7499
-2.59 -14.1982
-2.58 -13.8712
-2.57 -14.0145
-2.56 -15.653
-2.55 -14.0145
-2.54 -14.3412
-2.53 -14.4626
-2.52 -13.8676
-2.51 -14.7498
-2.5 -14.8078
-2.49 -14.1477
-2.48 -13.9807
-2.47 -14.8077
-2.46 -14.0244
-2.45 -14.4353
-2.44 -13.8746
-2.43 -13.9124
-2.42 -14.3627
-2.41 -14.6113
-2.4 -14.2377
-2.39 -13.9451
-2.38 -13.9669
-2.37 -14.5557
-2.36 -13.9325
-2.35 -14.0293
-2.34 -14.1827
-2.33 -14.0615
-2.32 -13.9898
-2.31 -14.4622
-2.3 -14.1754
-2.29 -14.4621
-2.28 -15.2545
-2.27 -14.4763
-2.26 -14.0558
-2.25 -14.168
-2.24 -14.2052
-2.23 -14.462
-2.22 -14.3851
-2.21 -14.7491
-2.2 -15.1081
-2.19 -14.3097
-2.18 -14.9118
-2.17 -15.2542
-2.16 -14.2999
-2.15 -14.5728
-2.14 -14.1468
-2.13 -14.6308
-2.12 -14.1748
-2.11 -14.2205
-2.1 -14.4615
-2.09 -14.3094
-2.08 -14.8388
-2.07 -14.6517
-2.06 -14.6305
-2.05 -15.1745
-2.04 -14.2202
-2.03 -15.4754
-2.02 -15.6515
-2.01 -14.2623
-2 -14.2712
-1.99 -14.9981
-1.98 -14.521
-1.97 -14.6735
-1.96 -14.572
-1.95 -14.6734
-1.94 -14.748
-1.93 -14.5718
-1.92 -14.8728
-1.91 -14.7758
-1.9 -15.2529
-1.89 -14.4604
-1.88 -15.3497
-1.87 -15.2527
-1.86 -14.5899
-1.85 -15.4744
-1.84 -14.4463
-1.83 -14.4329
-1.82 -14.7209
-1.81 -14.696
-1.8 -14.5709
-1.79 -15.9511
-1.78 -14.7749
-1.77 -14.9095
-1.76 -14.5891
-1.75 -14.9965
-1.74 -15.0476
-1.73 -15.1724
-1.72 -14.9091
-1.71 -14.6493
-1.7 -14.6078
-1.69 -14.6491
-1.68 -15.105
-1.67 -14.6075
-1.66 -14.6074
-1.65 -14.8358
-1.64 -15.1045
-1.63 -14.7454
-1.62 -14.6941
-1.61 -14.7732
-1.6 -15.9491
-1.59 -15.0459
-1.58 -14.7728
-1.57 -15.1706
-1.56 -14.9944
-1.55 -14.718
-1.54 -15.0453
-1.53 -15.4711
-1.52 -15.1699
-1.51 -15.2489
-1.5 -15.9477
-1.49 -14.9062
-1.48 -15.1693
-1.47 -14.9473
-1.46 -14.9057
-1.45 -14.8677
-1.44 -15.0436
-1.43 -15.6455
-1.42 -15.1013
-1.41 -inf
-1.4 -15.247
-1.39 -15.6447
-1.38 -14.9913
-1.37 -15.9454
-1.36 -15.468
-1.35 -14.9907
-1.34 -15.9447
-1.33 -15.0994
-1.32 -15.2453
-1.31 -15.245
-1.3 -15.0407
-1.29 -15.0404
-1.28 -15.2443
-1.27 -15.3409
-1.26 -15.0396
-1.25 -15.9424
-1.24 -15.6411
-1.23 -15.6408
-1.22 -15.3395
-1.21 -15.1631
-1.2 -15.941
-1.19 -15.0376
-1.18 -inf
-1.17 -15.4629
-1.16 -15.4625
-1.15 -15.3372
-1.14 -15.0939
-1.13 -15.2396
-1.12 -15.2393
-1.11 -15.2389
-1.1 -15.6364
-1.09 -15.4599
-1.08 -15.3346
-1.07 -inf
-1.06 -15.9358
-1.05 -15.2364
-1.04 -15.4578
-1.03 -15.9345
-1.02 -15.4569
-1.01 -15.9335
-1 -15.2341
-0.99 -15.3305
-0.98 -inf
-0.97 -15.4544
-0.96 -15.3289
-0.95 -15.3284
-0.94 -inf
-0.93 -15.3273
-0.92 -15.9287
-0.91 -15.451
-0.9 -15.4504
-0.89 -15.4498
-0.88 -inf
-0.87 -15.9256
-0.86 -15.925
-0.85 -inf
-0.84 -15.4465
-0.83 -15.4457
-0.82 -15.445
-0.81 -inf
-0.8 -15.9206
-0.79 -15.6188
-0.78 -15.4419
-0.77 -15.9182
-0.76 -15.6164
-0.75 -15.6155
-0.74 -inf
-0.73 -15.6138
-0.72 -15.9139
-0.71 -15.9129
-0.7 -15.611
-0.69 -15.61
-0.68 -15.609
-0.67 -15.909
-0.66 -15.6069
-0.65 -15.6059
-0.64 -15.9058
-0.63 -15.9047
-0.62 -15.9035
-0.61 -15.9024
-0.6 -inf
-0.59 -15.9
-0.58 -15.8987
-0.57 -inf
-0.56 -inf
-0.55 -15.8948
-0.54 -inf
-0.53 -15.8921
-0.52 -inf
-0.51 -15.8892
-0.5 -inf
-0.49 -15.8862
-0.48 -15.8847
-0.47 -15.5821
-0.46 -15.8815
-0.45 -inf
-0.44 -15.8781
-0.43 -15.8764
-0.42 -15.8746
-0.41 -15.8728
-0.4 -inf
-0.39 -15.8691
-0.38 -inf
-0.37 -inf
-0.36 -15.8632
-0.35 -inf
-0.34 -15.8591
-0.33 -15.857
-0.32 -inf
-0.31 -inf
-0.3 -inf
-0.29 -15.848
-0.28 -15.8456
-0.27 -15.8432
-0.26 -inf
-0.25 -15.8382
-0.24 -inf
-0.23 -inf
-0.22 -inf
-0.21 -inf
-0.2 -inf
-0.19 -inf
-0.18 -inf
-0.17 -inf
-0.16 -inf
-0.15 -inf
-0.14 -inf
-0.13 -15.8035
-0.12 -15.8002
-0.11 -15.7969
-0.1 -15.7935
-0.09 -15.79
-0.08 -15.7864
-0.07 -15.7828
-0.06 -inf
-0.05 -15.7753
-0.04 -inf
-0.03 -inf
-0.02 -inf
-0.01 -inf
0 -inf
0.01 -15.7512
0.02 -inf
0.03 -inf
0.04 -15.738
0.05 -15.7335
0.06 -15.7289
0.07 -15.7242
0.08 -inf
0.09 -15.7145
0.1 -inf
0.11 -15.7045
0.12 -inf
0.13 -15.6941
0.14 -inf
0.15 -inf
0.16 -inf
0.17 -inf
0.18 -inf
0.19 -15.6608
0.2 -inf
0.21 -inf
0.22 -15.944
0.23 -inf
0.24 -15.9316
0.25 -inf
0.26 -15.9188
0.27 -inf
0.28 -inf
0.29 -inf
0.3 -15.8921
0.31 -inf
0.32 -inf
0.33 -inf
0.34 -inf
0.35 -inf
0.36 -inf
0.37 -15.8418
0.38 -inf
0.39 -inf
0.4 -inf
0.41 -15.8111
0.42 -15.8031
0.43 -inf
0.44 -15.7871
0.45 -inf
0.46 -inf
0.47 -inf
0.48 -15.7539
0.49 -inf
0.5 -inf
0.51 -inf
0.52 -inf
0.53 -inf
0.54 -15.7019
0.55 -inf
0.56 -inf
0.57 -15.6749
0.58 -inf
0.59 -inf
0.6 -inf
0.61 -inf
0.62 -inf
0.63 -inf
0.64 -inf
0.65 -15.9016
0.66 -15.8921
0.67 -inf
0.68 -inf
0.69 -15.8634
0.7 -15.8537
0.71 -inf
0.72 -15.8344
0.73 -15.8246
0.74 -inf
0.75 -inf
0.76 -inf
0.77 -15.7854
0.78 -15.7756
0.79 -inf
0.8 -inf
0.81 -inf
0.82 -inf
0.83 -inf
0.84 -15.7162
0.85 -inf
0.86 -inf
0.87 -inf
0.88 -inf
0.89 -15.6665
0.9 -inf
0.91 -15.9476
0.92 -inf
0.93 -inf
0.94 -inf
0.95 -inf
0.96 -15.8976
0.97 -15.8876
0.98 -inf
0.99 -inf
1 -inf
1.01 -inf
1.02 -inf
1.03 -inf
1.04 -inf
1.05 -inf
1.06 -inf
1.07 -inf
1.08 -15.7777
1.09 -inf
1.1 -15.7577
1.11 -inf
1.12 -15.7377
1.13 -15.7277
1.14 -inf
1.15 -inf
1.16 -inf
1.17 -inf
1.18 -inf
1.19 -inf
1.2 -inf
1.21 -15.9487
1.22 -15.9387
1.23 -inf
1.24 -15.9187
1.25 -15.9087
1.26 -inf
1.27 -15.8887
1.28 -15.8787
1.29 -15.8687
1.3 -inf
1.31 -inf
1.32 -15.8387
1.33 -inf
1.34 -inf
1.35 -inf
1.36 -inf
1.37 -inf
1.38 -inf
1.39 -inf
1.4 -inf
1.41 -15.7487
1.42 -inf
1.43 -inf
1.44 -inf
1.45 -15.7087
1.46 -inf
1.47 -15.6887
1.48 -inf
1.49 -inf
1.5 -inf
1.51 -15.9497
1.52 -inf
1.53 -15.9297
1.54 -inf
1.55 -15.9097
1.56 -15.8997
1.57 -inf
1.58 -15.8797
1.59 -inf
1.6 -inf
1.61 -inf
1.62 -inf
1.63 -15.8297
1.64 -inf
1.65 -15.8097
1.66 -inf
1.67 -inf
1.68 -inf
1.69 -inf
1.7 -inf
1.71 -15.7497
1.72 -inf
1.73 -inf
1.74 -15.7197
1.75 -inf
1.76 -inf
1.77 -inf
1.78 -inf
1.79 -inf
1.8 -inf
1.81 -inf
1.82 -15.9408
1.83 -inf
1.84 -inf
1.85 -15.9108
1.86 -15.9008
1.87 -inf
1.88 -inf
1.89 -inf
1.9 -inf
1.91 -inf
1.92 -15.8408
1.93 -inf
1.94 -inf
1.95 -15.8108
1.96 -inf
1.97 -inf
1.98 -inf
1.99 -inf
2 -inf
2.01 -inf
2.02 -15.7408
2.03 -inf
2.04 -inf
2.05 -inf
2.06 -inf
2.07 -inf
2.08 -15.6808
2.09 -inf
2.1 -inf
2.11 -inf
2.12 -15.9418
2.13 -15.9318
2.14 -15.9218
2.15 -inf
2.16 -inf
2.17 -15.8918
2.18 -inf
2.19 -inf
2.2 -inf
2.21 -15.8518
2.22 -inf
2.23 -inf
2.24 -15.8218
2.25 -inf
2.26 -inf
2.27 -15.7918
2.28 -15.7818
2.29 -inf
2.3 -inf
2.31 -inf
2.32 -inf
2.33 -inf
2.34 -inf
2.35 -inf
2.36 -15.7018
2.37 -inf
2.38 -inf
2.39 -15.6718
2.4 -inf
2.41 -15.9528
2.42 -15.9428
2.43 -inf
2.44 -15.9228
2.45 -15.9128
2.46 -inf
2.47 -15.8928
2.48 -inf
2.49 -15.8728
2.5 -15.8628
2.51 -15.8528
2.52 -inf
2.53 -15.8328
2.54 -inf
2.55 -inf
2.56 -inf
2.57 -inf
2.58 -15.7828
2.59 -15.7728
2.6 -15.7628
2.61 -inf
2.62 -15.7428
2.63 -inf
2.64 -15.7228
2.65 -inf
2.66 -inf
2.67 -inf
2.68 -inf
2.69 -inf
2.7 -inf
2.71 -inf
2.72 -inf
2.73 -15.9339
2.74 -inf
2.75 -15.9139
2.76 -inf
2.77 -15.8939
2.78 -inf
2.79 -inf
2.8 -inf
2.81 -inf
2.82 -15.8439
2.83 -inf
2.84 -inf
2.85 -15.8139
2.86 -inf
2.87 -inf
2.88 -inf
2.89 -inf
2.9 -inf
2.91 -15.7539
2.92 -15.7439
2.93 -inf
2.94 -inf
2.95 -inf
2.96 -inf
2.97 -inf
2.98 -inf
2.99 -inf
3 -inf
3.01 -inf
3.02 -inf
3.03 -inf
3.04 -inf
3.05 -15.9149
3.06 -inf
3.07 -inf
3.08 -inf
3.09 -inf
3.1 -15.8649
3.11 -inf
3.12 -inf
3.13 -inf
3.14 -15.8249
3.15 -inf
3.16 -inf
3.17 -inf
3.18 -inf
3.19 -inf
3.2 -inf
3.21 -inf
3.22 -15.7449
3.23 -inf
3.24 -15.7249
3.25 -inf
3.26 -inf
3.27 -inf
3.28 -inf
3.29 -inf
3.3 -inf
3.31 -inf
3.32 -15.9459
3.33 -inf
3.34 -15.9259
3.35 -15.9159
3.36 -inf
3.37 -inf
3.38 -inf
3.39 -15.8759
3.4 -inf
3.41 -inf
3.42 -15.8459
3.43 -inf
3.44 -inf
3.45 -15.8159
3.46 -inf
3.47 -15.7959
3.48 -inf
3.49 -inf
3.5 -inf
3.51 -15.7559
3.52 -inf
3.53 -inf
3.54 -inf
3.55 -15.7159
3.56 -15.7059
3.57 -inf
3.58 -inf
3.59 -inf
3.6 -inf
3.61 -15.6559
3.62 -15.9469
3.63 -15.9369
3.64 -inf
3.65 -15.9169
3.66 -15.9069
3.67 -inf
3.68 -inf
3.69 -15.8769
3.7 -inf
3.71 -inf
3.72 -inf
3.73 -inf
3.74 -15.8269
3.75 -inf
3.76 -15.8069
3.77 -inf
3.78 -15.7869
3.79 -15.7769
3.8 -15.7669
3.81 -inf
3.82 -inf
3.83 -15.7369
3.84 -inf
3.85 -inf
3.86 -inf
3.87 -inf
3.88 -inf
3.89 -inf
3.9 -inf
3.91 -inf
3.92 -15.948
3.93 -inf
3.94 -inf
3.95 -inf
3.96 -inf
3.97 -inf
3.98 -inf
3.99 -inf
4 -inf
4.01 -inf
4.02 -inf
4.03 -15.838
4.04 -inf
4.05 -15.818
4.06 -15.808
4.07 -15.798
4.08 -inf
4.09 -15.778
4.1 -inf
4.11 -15.758
4.12 -15.748
4.13 -inf
4.14 -inf
4.15 -inf
4.16 -inf
4.17 -inf
4.18 -15.688
4.19 -15.678
4.2 -inf
4.21 -inf
4.22 -15.949
4.23 -15.939
4.24 -inf
4.25 -15.919
4.26 -15.909
4.27 -inf
4.28 -inf
4.29 -inf
4.3 -inf
4.31 -inf
4.32 -inf
4.33 -inf
4.34 -inf
4.35 -15.819
4.36 -inf
4.37 -inf
4.38 -inf
4.39 -inf
4.4 -15.769
4.41 -inf
4.42 -15.749
4.43 -15.739
4.44 -inf
4.45 -inf
4.46 -15.709
4.47 -inf
4.48 -inf
4.49 -15.679
4.5 -inf
4.51 -inf
4.52 -inf
4.53 -inf
4.54 -inf
4.55 -inf
4.56 -inf
4.57 -inf
4.58 -inf
4.59 -15.88
4.6 -15.87
4.61 -15.86
4.62 -15.85
4.63 -inf
4.64 -15.83
4.65 -inf
4.66 -inf
4.67 -inf
4.68 -15.79
4.69 -inf
4.7 -inf
4.71 -inf
4.72 -inf
4.73 -inf
4.74 -inf
4.75 -inf
4.76 -inf
4.77 -inf
4.78 -15.69
4.79 -inf
4.8 -inf
4.81 -inf
4.82 -inf
4.83 -inf
4.84 -inf
4.85 -15.9211
4.86 -inf
4.87 -15.9011
4.88 -inf
4.89 -inf
4.9 -inf
4.91 -inf
4.92 -inf
4.93 -inf
4.94 -inf
4.95 -inf
4.96 -inf
4.97 -inf
4.98 -inf
4.99 -inf
5 -inf
5.01 -inf
5.02 -inf
5.03 -15.7411
5.04 -15.7311
5.05 -15.7211
5.06 -15.7111
5.07 -inf
5.08 -inf
5.09 -inf
5.1 -inf
5.11 -inf
5.12 -inf
5.13 -inf
5.14 -15.9321
5.15 -inf
5.16 -inf
5.17 -inf
5.18 -inf
5.19 -inf
5.2 -inf
5.21 -inf
5.22 -inf
5.23 -inf
5.24 -inf
5.25 -inf
5.26 -inf
5.27 -15.8021
5.28 -inf
5.29 -inf
5.3 -15.7721
5.31 -inf
5.32 -inf
5.33 -inf
5.34 -inf
5.35 -inf
5.36 -inf
5.37 -inf
5.38 -inf
5.39 -inf
5.4 -inf
5.41 -inf
5.42 -15.9531
5.43 -inf
5.44 -15.9331
5.45 -inf
5.46 -15.9131
5.47 -inf
5.48 -inf
5.49 -15.8831
5.5 -15.8731
5.51 -15.8631
5.52 -inf
5.53 -inf
5.54 -inf
5.55 -inf
5.56 -15.8131
5.57 -15.8031
5.58 -inf
5.59 -inf
5.6 -inf
5.61 -inf
5.62 -inf
5.63 -inf
5.64 -inf
5.65 -15.7231
5.66 -inf
5.67 -inf
5.68 -15.6931
5.69 -inf
5.7 -inf
5.71 -inf
5.72 -15.9542
5.73 -inf
5.74 -15.9342
5.75 -15.9242
5.76 -15.9142
5.77 -15.9042
5.78 -inf
5.79 -inf
5.8 -15.8742
5.81 -inf
5.82 -inf
5.83 -inf
5.84 -15.8342
5.85 -15.8242
5.86 -inf
5.87 -15.8042
5.88 -inf
5.89 -inf
5.9 -inf
5.91 -inf
5.92 -15.7542
5.93 -inf
5.94 -inf
5.95 -inf
5.96 -inf
5.97 -inf
5.98 -inf
5.99 -inf
6 -inf
6.01 -inf
6.02 -inf
6.03 -inf
6.04 -inf
6.05 -15.9252
6.06 -inf
6.07 -15.9052
6.08 -inf
6.09 -inf
6.1 -inf
6.11 -15.8652
6.12 -inf
6.13 -inf
6.14 -inf
6.15 -15.8252
6.16 -inf
6.17 -inf
6.18 -inf
6.19 -inf
6.2 -inf
6.21 -inf
6.22 -inf
6.23 -inf
6.24 -inf
6.25 -inf
6.26 -inf
6.27 -inf
6.28 -inf
6.29 -15.6852
6.3 -inf
6.31 -inf
6.32 -inf
6.33 -inf
6.34 -inf
6.35 -15.9262
6.36 -15.9162
6.37 -inf
6.38 -inf
6.39 -15.8862
6.4 -15.8762
6.41 -inf
6.42 -inf
6.43 -inf
6.44 -inf
6.45 -15.8262
6.46 -inf
6.47 -inf
6.48 -15.7962
6.49 -inf
6.5 -inf
6.51 -inf
6.52 -inf
6.53 -inf
6.54 -15.7362
6.55 -inf
6.56 -inf
6.57 -inf
6.58 -inf
6.59 -inf
6.6 -inf
6.61 -inf
6.62 -inf
6.63 -15.9472
6.64 -15.9372
6.65 -inf
6.66 -15.9172
6.67 -inf
6.68 -inf
6.69 -inf
6.7 -inf
6.71 -inf
6.72 -inf
6.73 -15.8472
6.74 -inf
6.75 -inf
6.76 -inf
6.77 -inf
6.78 -inf
6.79 -15.7872
6.8 -inf
6.81 -inf
6.82 -inf
6.83 -inf
6.84 -inf
6.85 -15.7272
6.86 -inf
6.87 -inf
6.88 -inf
6.89 -inf
6.9 -inf
6.91 -inf
6.92 -inf
6.93 -inf
6.94 -15.9383
6.95 -15.9283
6.96 -15.9183
6.97 -inf
6.98 -15.8983
6.99 -inf
7 -inf
7.01 -inf
7.02 -15.8583
7.03 -15.8483
7.04 -inf
7.05 -15.8283
7.06 -15.8183
7.07 -inf
7.08 -inf
7.09 -inf
7.1 -inf
7.11 -inf
7.12 -inf
7.13 -inf
7.14 -inf
7.15 -inf
7.16 -inf
7.17 -inf
7.18 -inf
7.19 -inf
7.2 -inf
7.21 -inf
7.22 -inf
7.23 -inf
7.24 -inf
7.25 -15.9293
7.26 -inf
7.27 -15.9093
7.28 -15.8993
7.29 -15.8893
7.3 -inf
7.31 -inf
7.32 -15.8593
7.33 -inf
7.34 -15.8393
7.35 -inf
7.36 -inf
7.37 -inf
7.38 -inf
7.39 -inf
7.4 -inf
7.41 -inf
7.42 -inf
7.43 -inf
7.44 -inf
7.45 -inf
7.46 -inf
7.47 -inf
7.48 -inf
7.49 -inf
7.5 -inf
7.51 -inf
7.52 -inf
7.53 -15.9503
7.54 -15.9403
7.55 -inf
7.56 -inf
7.57 -inf
7.58 -15.9003
7.59 -inf
7.6 -15.8803
7.61 -inf
7.62 -15.8603
7.63 -inf
7.64 -inf
7.65 -15.8303
7.66 -15.8203
7.67 -15.8103
7.68 -inf
7.69 -inf
7.7 -inf
7.71 -inf
7.72 -inf
7.73 -15.7503
7.74 -inf
7.75 -inf
7.76 -15.7203
7.77 -15.7103
7.78 -inf
7.79 -inf
7.8 -inf
7.81 -inf
7.82 -inf
7.83 -inf
7.84 -inf
7.85 -15.9314
7.86 -15.9214
7.87 -inf
7.88 -inf
7.89 -inf
7.9 -inf
7.91 -15.8714
7.92 -inf
7.93 -15.8514
7.94 -15.8414
7.95 -15.8314
7.96 -15.8214
7.97 -inf
7.98 -15.8014
7.99 -inf
8 -inf
8.01 -inf
8.02 -inf
8.03 -inf
8.04 -inf
8.05 -inf
8.06 -inf
8.07 -15.7114
8.08 -inf
8.09 -inf
8.1 -inf
8.11 -inf
8.12 -inf
8.13 -15.9524
8.14 -inf
8.15 -15.9324
8.16 -inf
8.17 -inf
8.18 -inf
8.19 -inf
8.2 -inf
8.21 -inf
8.22 -15.8624
8.23 -15.8524
8.24 -inf
8.25 -inf
8.26 -inf
8.27 -inf
8.28 -15.8024
8.29 -inf
8.3 -inf
8.31 -15.7724
8.32 -inf
8.33 -inf
8.34 -inf
8.35 -inf
8.36 -inf
8.37 -15.7124
8.38 -inf
8.39 -inf
8.4 -inf
8.41 -inf
8.42 -inf
8.43 -inf
8.44 -inf
8.45 -15.9334
8.46 -15.9234
8.47 -15.9134
8.48 -inf
8.49 -inf
8.5 -15.8834
8.51 -inf
8.52 -inf
8.53 -inf
8.54 -inf
8.55 -inf
8.56 -inf
8.57 -15.8134
8.58 -inf
8.59 -inf
8.6 -inf
8.61 -inf
8.62 -15.7634
8.63 -inf
8.64 -15.7434
8.65 -15.7334
8.66 -inf
8.67 -inf
8.68 -15.7034
8.69 -15.6934
8.7 -inf
8.71 -inf
8.72 -inf
8.73 -inf
8.74 -inf
8.75 -inf
8.76 -15.9245
8.77 -15.9145
8.78 -inf
8.79 -inf
8.8 -inf
8.81 -15.8745
8.82 -inf
8.83 -inf
8.84 -inf
8.85 -15.8345
8.86 -inf
8.87 -inf
8.88 -inf
8.89 -inf
8.9 -15.7845
8.91 -inf
8.92 -15.7645
8.93 -inf
8.94 -inf
8.95 -inf
8.96 -15.7245
8.97 -15.7145
8.98 -inf
8.99 -inf
8.99 -inf
